"","Count","idSensore","Year","Month"
"1",0,5707,2010,4
"2",0,5707,2010,5
"3",7,5707,2010,6
"4",11,5707,2010,7
"5",1,5707,2010,8
"6",0,5707,2010,9
"7",0,5707,2010,10
"8",0,5707,2011,4
"9",2,5707,2011,5
"10",4,5707,2011,6
"11",2,5707,2011,7
"12",2,5707,2011,8
"13",1,5707,2011,9
"14",0,5707,2011,10
"15",0,5707,2012,4
"16",0,5707,2012,5
"17",3,5707,2012,6
"18",3,5707,2012,7
"19",3,5707,2012,8
"20",0,5707,2012,9
"21",0,5707,2012,10
"22",0,5707,2013,4
"23",0,5707,2013,5
"24",4,5707,2013,6
"25",7,5707,2013,7
"26",6,5707,2013,8
"27",1,5707,2013,9
"28",0,5707,2013,10
"29",0,5707,2014,4
"30",NA,5707,2014,5
"31",5,5707,2014,6
"32",4,5707,2014,7
"33",0,5707,2014,8
"34",0,5707,2014,9
"35",0,5707,2014,10
"36",0,5707,2015,4
"37",1,5707,2015,5
"38",8,5707,2015,6
"39",17,5707,2015,7
"40",6,5707,2015,8
"41",0,5707,2015,9
"42",0,5707,2015,10
"43",0,5707,2016,4
"44",0,5707,2016,5
"45",3,5707,2016,6
"46",5,5707,2016,7
"47",3,5707,2016,8
"48",1,5707,2016,9
"49",0,5707,2016,10
"50",NA,5707,2017,4
"51",0,5707,2017,5
"52",5,5707,2017,6
"53",6,5707,2017,7
"54",6,5707,2017,8
"55",0,5707,2017,9
"56",0,5707,2017,10
"57",NA,5707,2018,4
"58",0,5707,2018,5
"59",1,5707,2018,6
"60",NA,5707,2018,7
"61",4,5707,2018,8
"62",0,5707,2018,9
"63",0,5707,2018,10
"64",0,5707,2019,4
"65",0,5707,2019,5
"66",8,5707,2019,6
"67",6,5707,2019,7
"68",0,5707,2019,8
"69",0,5707,2019,9
"70",0,5707,2019,10
"71",NA,5707,2020,4
"72",0,5707,2020,5
"73",0,5707,2020,6
"74",4,5707,2020,7
"75",1,5707,2020,8
"76",0,5707,2020,9
"77",0,5707,2020,10
"78",NA,5707,2021,4
"79",0,5707,2021,5
"80",5,5707,2021,6
"81",1,5707,2021,7
"82",5,5707,2021,8
"83",NA,5707,2021,9
"84",0,5707,2021,10
"85",0,5707,2022,4
"86",0,5707,2022,5
"87",7,5707,2022,6
"88",9,5707,2022,7
"89",3,5707,2022,8
"90",0,5707,2022,9
"91",0,5707,2022,10
"92",NA,5710,2010,4
"93",0,5710,2010,5
"94",5,5710,2010,6
"95",15,5710,2010,7
"96",NA,5710,2010,8
"97",0,5710,2010,9
"98",0,5710,2010,10
"99",0,5710,2011,4
"100",NA,5710,2011,5
"101",3,5710,2011,6
"102",NA,5710,2011,7
"103",NA,5710,2011,8
"104",0,5710,2011,9
"105",0,5710,2011,10
"106",NA,5710,2012,4
"107",0,5710,2012,5
"108",3,5710,2012,6
"109",1,5710,2012,7
"110",NA,5710,2012,8
"111",0,5710,2012,9
"112",0,5710,2012,10
"113",0,5710,2013,4
"114",0,5710,2013,5
"115",5,5710,2013,6
"116",11,5710,2013,7
"117",NA,5710,2013,8
"118",0,5710,2013,9
"119",0,5710,2013,10
"120",0,5710,2014,4
"121",NA,5710,2014,5
"122",6,5710,2014,6
"123",0,5710,2014,7
"124",0,5710,2014,8
"125",0,5710,2014,9
"126",0,5710,2014,10
"127",0,5710,2015,4
"128",0,5710,2015,5
"129",3,5710,2015,6
"130",6,5710,2015,7
"131",2,5710,2015,8
"132",0,5710,2015,9
"133",0,5710,2015,10
"134",0,5710,2016,4
"135",0,5710,2016,5
"136",3,5710,2016,6
"137",3,5710,2016,7
"138",0,5710,2016,8
"139",0,5710,2016,9
"140",0,5710,2016,10
"141",0,5710,2017,4
"142",NA,5710,2017,5
"143",2,5710,2017,6
"144",0,5710,2017,7
"145",4,5710,2017,8
"146",0,5710,2017,9
"147",NA,5710,2017,10
"148",0,5710,2018,4
"149",0,5710,2018,5
"150",0,5710,2018,6
"151",2,5710,2018,7
"152",1,5710,2018,8
"153",0,5710,2018,9
"154",NA,5710,2018,10
"155",0,5710,2019,4
"156",0,5710,2019,5
"157",6,5710,2019,6
"158",4,5710,2019,7
"159",0,5710,2019,8
"160",0,5710,2019,9
"161",NA,5710,2019,10
"162",0,5710,2020,4
"163",0,5710,2020,5
"164",0,5710,2020,6
"165",NA,5710,2020,7
"166",0,5710,2020,8
"167",1,5710,2020,9
"168",0,5710,2020,10
"169",0,5710,2021,4
"170",0,5710,2021,5
"171",1,5710,2021,6
"172",0,5710,2021,7
"173",5,5710,2021,8
"174",NA,5710,2021,9
"175",0,5710,2021,10
"176",0,5710,2022,4
"177",0,5710,2022,5
"178",3,5710,2022,6
"179",1,5710,2022,7
"180",0,5710,2022,8
"181",0,5710,2022,9
"182",0,5710,2022,10
"183",0,5718,2010,4
"184",0,5718,2010,5
"185",1,5718,2010,6
"186",4,5718,2010,7
"187",0,5718,2010,8
"188",0,5718,2010,9
"189",0,5718,2010,10
"190",0,5718,2011,4
"191",2,5718,2011,5
"192",1,5718,2011,6
"193",0,5718,2011,7
"194",2,5718,2011,8
"195",0,5718,2011,9
"196",0,5718,2011,10
"197",0,5718,2012,4
"198",0,5718,2012,5
"199",1,5718,2012,6
"200",0,5718,2012,7
"201",1,5718,2012,8
"202",0,5718,2012,9
"203",0,5718,2012,10
"204",0,5718,2013,4
"205",0,5718,2013,5
"206",0,5718,2013,6
"207",3,5718,2013,7
"208",1,5718,2013,8
"209",0,5718,2013,9
"210",0,5718,2013,10
"211",0,5718,2014,4
"212",0,5718,2014,5
"213",NA,5718,2014,6
"214",0,5718,2014,7
"215",0,5718,2014,8
"216",0,5718,2014,9
"217",0,5718,2014,10
"218",0,5718,2015,4
"219",0,5718,2015,5
"220",3,5718,2015,6
"221",9,5718,2015,7
"222",4,5718,2015,8
"223",0,5718,2015,9
"224",0,5718,2015,10
"225",0,5718,2016,4
"226",0,5718,2016,5
"227",3,5718,2016,6
"228",3,5718,2016,7
"229",0,5718,2016,8
"230",1,5718,2016,9
"231",0,5718,2016,10
"232",0,5718,2017,4
"233",0,5718,2017,5
"234",1,5718,2017,6
"235",0,5718,2017,7
"236",4,5718,2017,8
"237",0,5718,2017,9
"238",0,5718,2017,10
"239",0,5718,2018,4
"240",0,5718,2018,5
"241",0,5718,2018,6
"242",0,5718,2018,7
"243",NA,5718,2018,8
"244",NA,5718,2018,9
"245",0,5718,2018,10
"246",0,5718,2019,4
"247",0,5718,2019,5
"248",NA,5718,2019,6
"249",1,5718,2019,7
"250",0,5718,2019,8
"251",0,5718,2019,9
"252",0,5718,2019,10
"253",0,5718,2020,4
"254",0,5718,2020,5
"255",0,5718,2020,6
"256",0,5718,2020,7
"257",0,5718,2020,8
"258",0,5718,2020,9
"259",0,5718,2020,10
"260",0,5718,2021,4
"261",0,5718,2021,5
"262",1,5718,2021,6
"263",0,5718,2021,7
"264",0,5718,2021,8
"265",0,5718,2021,9
"266",0,5718,2021,10
"267",0,5718,2022,4
"268",0,5718,2022,5
"269",1,5718,2022,6
"270",0,5718,2022,7
"271",0,5718,2022,8
"272",0,5718,2022,9
"273",0,5718,2022,10
"274",NA,5717,2010,4
"275",0,5717,2010,5
"276",4,5717,2010,6
"277",6,5717,2010,7
"278",0,5717,2010,8
"279",0,5717,2010,9
"280",0,5717,2010,10
"281",0,5717,2011,4
"282",2,5717,2011,5
"283",2,5717,2011,6
"284",0,5717,2011,7
"285",1,5717,2011,8
"286",0,5717,2011,9
"287",0,5717,2011,10
"288",0,5717,2012,4
"289",1,5717,2012,5
"290",2,5717,2012,6
"291",2,5717,2012,7
"292",4,5717,2012,8
"293",0,5717,2012,9
"294",0,5717,2012,10
"295",NA,5717,2013,4
"296",0,5717,2013,5
"297",1,5717,2013,6
"298",3,5717,2013,7
"299",1,5717,2013,8
"300",0,5717,2013,9
"301",0,5717,2013,10
"302",0,5717,2014,4
"303",0,5717,2014,5
"304",5,5717,2014,6
"305",0,5717,2014,7
"306",NA,5717,2014,8
"307",0,5717,2014,9
"308",0,5717,2014,10
"309",0,5717,2015,4
"310",NA,5717,2015,5
"311",3,5717,2015,6
"312",1,5717,2015,7
"313",1,5717,2015,8
"314",0,5717,2015,9
"315",0,5717,2015,10
"316",0,5717,2016,4
"317",NA,5717,2016,5
"318",3,5717,2016,6
"319",3,5717,2016,7
"320",0,5717,2016,8
"321",0,5717,2016,9
"322",0,5717,2016,10
"323",0,5717,2017,4
"324",0,5717,2017,5
"325",1,5717,2017,6
"326",0,5717,2017,7
"327",0,5717,2017,8
"328",0,5717,2017,9
"329",NA,5717,2017,10
"330",0,5717,2018,4
"331",0,5717,2018,5
"332",1,5717,2018,6
"333",0,5717,2018,7
"334",1,5717,2018,8
"335",0,5717,2018,9
"336",0,5717,2018,10
"337",0,5717,2019,4
"338",0,5717,2019,5
"339",3,5717,2019,6
"340",5,5717,2019,7
"341",0,5717,2019,8
"342",0,5717,2019,9
"343",0,5717,2019,10
"344",0,5717,2020,4
"345",0,5717,2020,5
"346",0,5717,2020,6
"347",0,5717,2020,7
"348",0,5717,2020,8
"349",0,5717,2020,9
"350",0,5717,2020,10
"351",0,5717,2021,4
"352",0,5717,2021,5
"353",2,5717,2021,6
"354",0,5717,2021,7
"355",3,5717,2021,8
"356",0,5717,2021,9
"357",0,5717,2021,10
"358",0,5717,2022,4
"359",0,5717,2022,5
"360",NA,5717,2022,6
"361",0,5717,2022,7
"362",0,5717,2022,8
"363",0,5717,2022,9
"364",0,5717,2022,10
"365",0,5719,2010,4
"366",0,5719,2010,5
"367",7,5719,2010,6
"368",11,5719,2010,7
"369",0,5719,2010,8
"370",0,5719,2010,9
"371",0,5719,2010,10
"372",0,5719,2011,4
"373",2,5719,2011,5
"374",4,5719,2011,6
"375",0,5719,2011,7
"376",7,5719,2011,8
"377",1,5719,2011,9
"378",0,5719,2011,10
"379",0,5719,2012,4
"380",0,5719,2012,5
"381",5,5719,2012,6
"382",3,5719,2012,7
"383",9,5719,2012,8
"384",2,5719,2012,9
"385",0,5719,2012,10
"386",0,5719,2013,4
"387",0,5719,2013,5
"388",2,5719,2013,6
"389",8,5719,2013,7
"390",6,5719,2013,8
"391",0,5719,2013,9
"392",0,5719,2013,10
"393",0,5719,2014,4
"394",0,5719,2014,5
"395",6,5719,2014,6
"396",4,5719,2014,7
"397",0,5719,2014,8
"398",0,5719,2014,9
"399",NA,5719,2014,10
"400",0,5719,2015,4
"401",0,5719,2015,5
"402",2,5719,2015,6
"403",9,5719,2015,7
"404",2,5719,2015,8
"405",0,5719,2015,9
"406",NA,5719,2015,10
"407",0,5719,2016,4
"408",0,5719,2016,5
"409",NA,5719,2016,6
"410",7,5719,2016,7
"411",6,5719,2016,8
"412",5,5719,2016,9
"413",0,5719,2016,10
"414",0,5719,2017,4
"415",1,5719,2017,5
"416",9,5719,2017,6
"417",7,5719,2017,7
"418",11,5719,2017,8
"419",0,5719,2017,9
"420",NA,5719,2017,10
"421",0,5719,2018,4
"422",0,5719,2018,5
"423",5,5719,2018,6
"424",9,5719,2018,7
"425",10,5719,2018,8
"426",2,5719,2018,9
"427",0,5719,2018,10
"428",0,5719,2019,4
"429",0,5719,2019,5
"430",5,5719,2019,6
"431",10,5719,2019,7
"432",2,5719,2019,8
"433",0,5719,2019,9
"434",0,5719,2019,10
"435",0,5719,2020,4
"436",0,5719,2020,5
"437",0,5719,2020,6
"438",3,5719,2020,7
"439",1,5719,2020,8
"440",0,5719,2020,9
"441",0,5719,2020,10
"442",NA,5719,2021,4
"443",0,5719,2021,5
"444",NA,5719,2021,6
"445",5,5719,2021,7
"446",6,5719,2021,8
"447",1,5719,2021,9
"448",0,5719,2021,10
"449",0,5719,2022,4
"450",0,5719,2022,5
"451",5,5719,2022,6
"452",9,5719,2022,7
"453",4,5719,2022,8
"454",0,5719,2022,9
"455",0,5719,2022,10
"456",0,5721,2010,4
"457",0,5721,2010,5
"458",1,5721,2010,6
"459",1,5721,2010,7
"460",0,5721,2010,8
"461",0,5721,2010,9
"462",0,5721,2010,10
"463",0,5721,2011,4
"464",NA,5721,2011,5
"465",0,5721,2011,6
"466",0,5721,2011,7
"467",0,5721,2011,8
"468",0,5721,2011,9
"469",0,5721,2011,10
"470",0,5721,2012,4
"471",1,5721,2012,5
"472",0,5721,2012,6
"473",0,5721,2012,7
"474",0,5721,2012,8
"475",0,5721,2012,9
"476",0,5721,2012,10
"477",0,5721,2013,4
"478",0,5721,2013,5
"479",0,5721,2013,6
"480",1,5721,2013,7
"481",1,5721,2013,8
"482",0,5721,2013,9
"483",0,5721,2013,10
"484",0,5721,2014,4
"485",0,5721,2014,5
"486",5,5721,2014,6
"487",0,5721,2014,7
"488",0,5721,2014,8
"489",0,5721,2014,9
"490",0,5721,2014,10
"491",0,5721,2015,4
"492",0,5721,2015,5
"493",1,5721,2015,6
"494",5,5721,2015,7
"495",2,5721,2015,8
"496",0,5721,2015,9
"497",0,5721,2015,10
"498",0,5721,2016,4
"499",0,5721,2016,5
"500",1,5721,2016,6
"501",3,5721,2016,7
"502",0,5721,2016,8
"503",0,5721,2016,9
"504",0,5721,2016,10
"505",0,5721,2017,4
"506",0,5721,2017,5
"507",1,5721,2017,6
"508",0,5721,2017,7
"509",0,5721,2017,8
"510",0,5721,2017,9
"511",0,5721,2017,10
"512",0,5721,2018,4
"513",NA,5721,2018,5
"514",NA,5721,2018,6
"515",2,5721,2018,7
"516",1,5721,2018,8
"517",0,5721,2018,9
"518",0,5721,2018,10
"519",0,5721,2019,4
"520",0,5721,2019,5
"521",5,5721,2019,6
"522",7,5721,2019,7
"523",1,5721,2019,8
"524",0,5721,2019,9
"525",0,5721,2019,10
"526",0,5721,2020,4
"527",0,5721,2020,5
"528",1,5721,2020,6
"529",0,5721,2020,7
"530",1,5721,2020,8
"531",0,5721,2020,9
"532",0,5721,2020,10
"533",0,5721,2021,4
"534",0,5721,2021,5
"535",0,5721,2021,6
"536",0,5721,2021,7
"537",0,5721,2021,8
"538",0,5721,2021,9
"539",0,5721,2021,10
"540",0,5721,2022,4
"541",0,5721,2022,5
"542",0,5721,2022,6
"543",1,5721,2022,7
"544",0,5721,2022,8
"545",0,5721,2022,9
"546",0,5721,2022,10
"547",0,5725,2010,4
"548",0,5725,2010,5
"549",0,5725,2010,6
"550",NA,5725,2010,7
"551",0,5725,2010,8
"552",0,5725,2010,9
"553",0,5725,2010,10
"554",0,5725,2011,4
"555",1,5725,2011,5
"556",1,5725,2011,6
"557",0,5725,2011,7
"558",2,5725,2011,8
"559",0,5725,2011,9
"560",0,5725,2011,10
"561",0,5725,2012,4
"562",0,5725,2012,5
"563",1,5725,2012,6
"564",0,5725,2012,7
"565",0,5725,2012,8
"566",0,5725,2012,9
"567",0,5725,2012,10
"568",0,5725,2013,4
"569",0,5725,2013,5
"570",0,5725,2013,6
"571",0,5725,2013,7
"572",0,5725,2013,8
"573",0,5725,2013,9
"574",0,5725,2013,10
"575",0,5725,2014,4
"576",0,5725,2014,5
"577",4,5725,2014,6
"578",0,5725,2014,7
"579",0,5725,2014,8
"580",0,5725,2014,9
"581",0,5725,2014,10
"582",0,5725,2015,4
"583",0,5725,2015,5
"584",1,5725,2015,6
"585",NA,5725,2015,7
"586",1,5725,2015,8
"587",0,5725,2015,9
"588",0,5725,2015,10
"589",NA,5725,2016,4
"590",NA,5725,2016,5
"591",0,5725,2016,6
"592",1,5725,2016,7
"593",0,5725,2016,8
"594",0,5725,2016,9
"595",0,5725,2016,10
"596",0,5725,2017,4
"597",0,5725,2017,5
"598",NA,5725,2017,6
"599",NA,5725,2017,7
"600",0,5725,2017,8
"601",0,5725,2017,9
"602",0,5725,2017,10
"603",0,5725,2018,4
"604",0,5725,2018,5
"605",0,5725,2018,6
"606",0,5725,2018,7
"607",1,5725,2018,8
"608",NA,5725,2018,9
"609",0,5725,2018,10
"610",0,5725,2019,4
"611",0,5725,2019,5
"612",4,5725,2019,6
"613",2,5725,2019,7
"614",0,5725,2019,8
"615",0,5725,2019,9
"616",0,5725,2019,10
"617",0,5725,2020,4
"618",0,5725,2020,5
"619",0,5725,2020,6
"620",0,5725,2020,7
"621",0,5725,2020,8
"622",0,5725,2020,9
"623",0,5725,2020,10
"624",0,5725,2021,4
"625",0,5725,2021,5
"626",1,5725,2021,6
"627",0,5725,2021,7
"628",1,5725,2021,8
"629",0,5725,2021,9
"630",0,5725,2021,10
"631",0,5725,2022,4
"632",0,5725,2022,5
"633",4,5725,2022,6
"634",1,5725,2022,7
"635",0,5725,2022,8
"636",0,5725,2022,9
"637",0,5725,2022,10
"638",0,5730,2010,4
"639",0,5730,2010,5
"640",4,5730,2010,6
"641",14,5730,2010,7
"642",1,5730,2010,8
"643",0,5730,2010,9
"644",0,5730,2010,10
"645",0,5730,2011,4
"646",2,5730,2011,5
"647",4,5730,2011,6
"648",NA,5730,2011,7
"649",6,5730,2011,8
"650",2,5730,2011,9
"651",1,5730,2011,10
"652",0,5730,2012,4
"653",1,5730,2012,5
"654",6,5730,2012,6
"655",10,5730,2012,7
"656",9,5730,2012,8
"657",3,5730,2012,9
"658",0,5730,2012,10
"659",0,5730,2013,4
"660",0,5730,2013,5
"661",4,5730,2013,6
"662",17,5730,2013,7
"663",4,5730,2013,8
"664",2,5730,2013,9
"665",0,5730,2013,10
"666",0,5730,2014,4
"667",0,5730,2014,5
"668",6,5730,2014,6
"669",4,5730,2014,7
"670",0,5730,2014,8
"671",0,5730,2014,9
"672",0,5730,2014,10
"673",0,5730,2015,4
"674",1,5730,2015,5
"675",10,5730,2015,6
"676",22,5730,2015,7
"677",10,5730,2015,8
"678",0,5730,2015,9
"679",0,5730,2015,10
"680",0,5730,2016,4
"681",0,5730,2016,5
"682",3,5730,2016,6
"683",9,5730,2016,7
"684",3,5730,2016,8
"685",3,5730,2016,9
"686",0,5730,2016,10
"687",0,5730,2017,4
"688",2,5730,2017,5
"689",10,5730,2017,6
"690",8,5730,2017,7
"691",8,5730,2017,8
"692",0,5730,2017,9
"693",0,5730,2017,10
"694",0,5730,2018,4
"695",0,5730,2018,5
"696",5,5730,2018,6
"697",12,5730,2018,7
"698",7,5730,2018,8
"699",3,5730,2018,9
"700",0,5730,2018,10
"701",0,5730,2019,4
"702",0,5730,2019,5
"703",9,5730,2019,6
"704",14,5730,2019,7
"705",1,5730,2019,8
"706",1,5730,2019,9
"707",0,5730,2019,10
"708",0,5730,2020,4
"709",0,5730,2020,5
"710",1,5730,2020,6
"711",11,5730,2020,7
"712",5,5730,2020,8
"713",2,5730,2020,9
"714",0,5730,2020,10
"715",0,5730,2021,4
"716",0,5730,2021,5
"717",2,5730,2021,6
"718",3,5730,2021,7
"719",1,5730,2021,8
"720",0,5730,2021,9
"721",0,5730,2021,10
"722",0,5730,2022,4
"723",1,5730,2022,5
"724",2,5730,2022,6
"725",8,5730,2022,7
"726",2,5730,2022,8
"727",0,5730,2022,9
"728",0,5730,2022,10
"729",0,5732,2010,4
"730",2,5732,2010,5
"731",7,5732,2010,6
"732",12,5732,2010,7
"733",2,5732,2010,8
"734",0,5732,2010,9
"735",0,5732,2010,10
"736",0,5732,2011,4
"737",0,5732,2011,5
"738",2,5732,2011,6
"739",0,5732,2011,7
"740",0,5732,2011,8
"741",0,5732,2011,9
"742",NA,5732,2011,10
"743",0,5732,2012,4
"744",0,5732,2012,5
"745",0,5732,2012,6
"746",4,5732,2012,7
"747",2,5732,2012,8
"748",0,5732,2012,9
"749",0,5732,2012,10
"750",0,5732,2013,4
"751",0,5732,2013,5
"752",1,5732,2013,6
"753",9,5732,2013,7
"754",7,5732,2013,8
"755",1,5732,2013,9
"756",NA,5732,2013,10
"757",0,5732,2014,4
"758",0,5732,2014,5
"759",3,5732,2014,6
"760",2,5732,2014,7
"761",0,5732,2014,8
"762",0,5732,2014,9
"763",0,5732,2014,10
"764",0,5732,2015,4
"765",1,5732,2015,5
"766",3,5732,2015,6
"767",NA,5732,2015,7
"768",1,5732,2015,8
"769",0,5732,2015,9
"770",0,5732,2015,10
"771",0,5732,2016,4
"772",0,5732,2016,5
"773",2,5732,2016,6
"774",3,5732,2016,7
"775",0,5732,2016,8
"776",0,5732,2016,9
"777",NA,5732,2016,10
"778",0,5732,2017,4
"779",1,5732,2017,5
"780",5,5732,2017,6
"781",3,5732,2017,7
"782",0,5732,2017,8
"783",0,5732,2017,9
"784",0,5732,2017,10
"785",0,5732,2018,4
"786",0,5732,2018,5
"787",1,5732,2018,6
"788",6,5732,2018,7
"789",1,5732,2018,8
"790",0,5732,2018,9
"791",0,5732,2018,10
"792",0,5732,2019,4
"793",0,5732,2019,5
"794",1,5732,2019,6
"795",6,5732,2019,7
"796",0,5732,2019,8
"797",0,5732,2019,9
"798",0,5732,2019,10
"799",0,5732,2020,4
"800",NA,5732,2020,5
"801",0,5732,2020,6
"802",1,5732,2020,7
"803",0,5732,2020,8
"804",0,5732,2020,9
"805",NA,5732,2020,10
"806",0,5732,2021,4
"807",0,5732,2021,5
"808",0,5732,2021,6
"809",1,5732,2021,7
"810",0,5732,2021,8
"811",0,5732,2021,9
"812",0,5732,2021,10
"813",NA,5732,2022,4
"814",0,5732,2022,5
"815",0,5732,2022,6
"816",6,5732,2022,7
"817",1,5732,2022,8
"818",0,5732,2022,9
"819",0,5732,2022,10
"820",0,5735,2010,4
"821",0,5735,2010,5
"822",NA,5735,2010,6
"823",8,5735,2010,7
"824",1,5735,2010,8
"825",0,5735,2010,9
"826",NA,5735,2010,10
"827",0,5735,2011,4
"828",0,5735,2011,5
"829",2,5735,2011,6
"830",0,5735,2011,7
"831",0,5735,2011,8
"832",0,5735,2011,9
"833",0,5735,2011,10
"834",0,5735,2012,4
"835",0,5735,2012,5
"836",0,5735,2012,6
"837",3,5735,2012,7
"838",5,5735,2012,8
"839",0,5735,2012,9
"840",0,5735,2012,10
"841",0,5735,2013,4
"842",NA,5735,2013,5
"843",0,5735,2013,6
"844",0,5735,2013,7
"845",0,5735,2013,8
"846",0,5735,2013,9
"847",0,5735,2013,10
"848",0,5735,2014,4
"849",0,5735,2014,5
"850",NA,5735,2014,6
"851",0,5735,2014,7
"852",0,5735,2014,8
"853",0,5735,2014,9
"854",0,5735,2014,10
"855",0,5735,2015,4
"856",0,5735,2015,5
"857",5,5735,2015,6
"858",14,5735,2015,7
"859",6,5735,2015,8
"860",0,5735,2015,9
"861",0,5735,2015,10
"862",NA,5735,2016,4
"863",0,5735,2016,5
"864",3,5735,2016,6
"865",6,5735,2016,7
"866",NA,5735,2016,8
"867",5,5735,2016,9
"868",NA,5735,2016,10
"869",0,5735,2017,4
"870",2,5735,2017,5
"871",8,5735,2017,6
"872",4,5735,2017,7
"873",3,5735,2017,8
"874",0,5735,2017,9
"875",0,5735,2017,10
"876",0,5735,2018,4
"877",0,5735,2018,5
"878",0,5735,2018,6
"879",1,5735,2018,7
"880",1,5735,2018,8
"881",0,5735,2018,9
"882",0,5735,2018,10
"883",0,5735,2019,4
"884",NA,5735,2019,5
"885",5,5735,2019,6
"886",6,5735,2019,7
"887",1,5735,2019,8
"888",0,5735,2019,9
"889",0,5735,2019,10
"890",0,5735,2020,4
"891",0,5735,2020,5
"892",0,5735,2020,6
"893",2,5735,2020,7
"894",0,5735,2020,8
"895",0,5735,2020,9
"896",0,5735,2020,10
"897",0,5735,2021,4
"898",0,5735,2021,5
"899",2,5735,2021,6
"900",0,5735,2021,7
"901",0,5735,2021,8
"902",0,5735,2021,9
"903",0,5735,2021,10
"904",NA,5735,2022,4
"905",NA,5735,2022,5
"906",NA,5735,2022,6
"907",NA,5735,2022,7
"908",NA,5735,2022,8
"909",NA,5735,2022,9
"910",NA,5735,2022,10
"911",0,5738,2010,4
"912",0,5738,2010,5
"913",3,5738,2010,6
"914",NA,5738,2010,7
"915",NA,5738,2010,8
"916",0,5738,2010,9
"917",0,5738,2010,10
"918",NA,5738,2011,4
"919",NA,5738,2011,5
"920",0,5738,2011,6
"921",0,5738,2011,7
"922",4,5738,2011,8
"923",0,5738,2011,9
"924",0,5738,2011,10
"925",0,5738,2012,4
"926",NA,5738,2012,5
"927",0,5738,2012,6
"928",3,5738,2012,7
"929",3,5738,2012,8
"930",0,5738,2012,9
"931",0,5738,2012,10
"932",NA,5738,2013,4
"933",0,5738,2013,5
"934",4,5738,2013,6
"935",14,5738,2013,7
"936",4,5738,2013,8
"937",0,5738,2013,9
"938",0,5738,2013,10
"939",0,5738,2014,4
"940",0,5738,2014,5
"941",4,5738,2014,6
"942",NA,5738,2014,7
"943",0,5738,2014,8
"944",1,5738,2014,9
"945",0,5738,2014,10
"946",NA,5738,2015,4
"947",0,5738,2015,5
"948",NA,5738,2015,6
"949",6,5738,2015,7
"950",3,5738,2015,8
"951",0,5738,2015,9
"952",0,5738,2015,10
"953",0,5738,2016,4
"954",NA,5738,2016,5
"955",NA,5738,2016,6
"956",9,5738,2016,7
"957",0,5738,2016,8
"958",2,5738,2016,9
"959",0,5738,2016,10
"960",0,5738,2017,4
"961",5,5738,2017,5
"962",11,5738,2017,6
"963",6,5738,2017,7
"964",2,5738,2017,8
"965",0,5738,2017,9
"966",0,5738,2017,10
"967",NA,5738,2018,4
"968",0,5738,2018,5
"969",0,5738,2018,6
"970",1,5738,2018,7
"971",1,5738,2018,8
"972",0,5738,2018,9
"973",0,5738,2018,10
"974",0,5738,2019,4
"975",0,5738,2019,5
"976",6,5738,2019,6
"977",3,5738,2019,7
"978",NA,5738,2019,8
"979",0,5738,2019,9
"980",0,5738,2019,10
"981",0,5738,2020,4
"982",0,5738,2020,5
"983",0,5738,2020,6
"984",0,5738,2020,7
"985",1,5738,2020,8
"986",0,5738,2020,9
"987",0,5738,2020,10
"988",0,5738,2021,4
"989",0,5738,2021,5
"990",1,5738,2021,6
"991",0,5738,2021,7
"992",0,5738,2021,8
"993",0,5738,2021,9
"994",0,5738,2021,10
"995",0,5738,2022,4
"996",0,5738,2022,5
"997",3,5738,2022,6
"998",0,5738,2022,7
"999",0,5738,2022,8
"1000",0,5738,2022,9
"1001",0,5738,2022,10
"1002",0,5739,2010,4
"1003",0,5739,2010,5
"1004",0,5739,2010,6
"1005",1,5739,2010,7
"1006",0,5739,2010,8
"1007",0,5739,2010,9
"1008",0,5739,2010,10
"1009",NA,5739,2011,4
"1010",NA,5739,2011,5
"1011",0,5739,2011,6
"1012",0,5739,2011,7
"1013",0,5739,2011,8
"1014",0,5739,2011,9
"1015",0,5739,2011,10
"1016",0,5739,2012,4
"1017",0,5739,2012,5
"1018",NA,5739,2012,6
"1019",0,5739,2012,7
"1020",0,5739,2012,8
"1021",0,5739,2012,9
"1022",0,5739,2012,10
"1023",NA,5739,2013,4
"1024",0,5739,2013,5
"1025",0,5739,2013,6
"1026",0,5739,2013,7
"1027",0,5739,2013,8
"1028",0,5739,2013,9
"1029",0,5739,2013,10
"1030",0,5739,2014,4
"1031",0,5739,2014,5
"1032",0,5739,2014,6
"1033",0,5739,2014,7
"1034",0,5739,2014,8
"1035",0,5739,2014,9
"1036",0,5739,2014,10
"1037",NA,5739,2015,4
"1038",0,5739,2015,5
"1039",0,5739,2015,6
"1040",0,5739,2015,7
"1041",0,5739,2015,8
"1042",0,5739,2015,9
"1043",0,5739,2015,10
"1044",0,5739,2016,4
"1045",NA,5739,2016,5
"1046",0,5739,2016,6
"1047",0,5739,2016,7
"1048",0,5739,2016,8
"1049",0,5739,2016,9
"1050",NA,5739,2016,10
"1051",0,5739,2017,4
"1052",0,5739,2017,5
"1053",0,5739,2017,6
"1054",0,5739,2017,7
"1055",0,5739,2017,8
"1056",0,5739,2017,9
"1057",0,5739,2017,10
"1058",0,5739,2018,4
"1059",0,5739,2018,5
"1060",0,5739,2018,6
"1061",0,5739,2018,7
"1062",0,5739,2018,8
"1063",0,5739,2018,9
"1064",0,5739,2018,10
"1065",0,5739,2019,4
"1066",0,5739,2019,5
"1067",0,5739,2019,6
"1068",0,5739,2019,7
"1069",0,5739,2019,8
"1070",0,5739,2019,9
"1071",0,5739,2019,10
"1072",0,5739,2020,4
"1073",0,5739,2020,5
"1074",0,5739,2020,6
"1075",0,5739,2020,7
"1076",0,5739,2020,8
"1077",0,5739,2020,9
"1078",0,5739,2020,10
"1079",0,5739,2021,4
"1080",0,5739,2021,5
"1081",0,5739,2021,6
"1082",0,5739,2021,7
"1083",0,5739,2021,8
"1084",0,5739,2021,9
"1085",0,5739,2021,10
"1086",0,5739,2022,4
"1087",0,5739,2022,5
"1088",0,5739,2022,6
"1089",0,5739,2022,7
"1090",0,5739,2022,8
"1091",0,5739,2022,9
"1092",0,5739,2022,10
"1093",0,5742,2010,4
"1094",0,5742,2010,5
"1095",0,5742,2010,6
"1096",1,5742,2010,7
"1097",0,5742,2010,8
"1098",0,5742,2010,9
"1099",0,5742,2010,10
"1100",0,5742,2011,4
"1101",1,5742,2011,5
"1102",1,5742,2011,6
"1103",0,5742,2011,7
"1104",NA,5742,2011,8
"1105",0,5742,2011,9
"1106",0,5742,2011,10
"1107",0,5742,2012,4
"1108",NA,5742,2012,5
"1109",0,5742,2012,6
"1110",NA,5742,2012,7
"1111",2,5742,2012,8
"1112",0,5742,2012,9
"1113",0,5742,2012,10
"1114",0,5742,2013,4
"1115",0,5742,2013,5
"1116",NA,5742,2013,6
"1117",5,5742,2013,7
"1118",3,5742,2013,8
"1119",0,5742,2013,9
"1120",0,5742,2013,10
"1121",0,5742,2014,4
"1122",NA,5742,2014,5
"1123",3,5742,2014,6
"1124",2,5742,2014,7
"1125",0,5742,2014,8
"1126",0,5742,2014,9
"1127",NA,5742,2014,10
"1128",NA,5742,2015,4
"1129",0,5742,2015,5
"1130",2,5742,2015,6
"1131",NA,5742,2015,7
"1132",0,5742,2015,8
"1133",0,5742,2015,9
"1134",NA,5742,2015,10
"1135",0,5742,2016,4
"1136",0,5742,2016,5
"1137",2,5742,2016,6
"1138",1,5742,2016,7
"1139",0,5742,2016,8
"1140",0,5742,2016,9
"1141",0,5742,2016,10
"1142",0,5742,2017,4
"1143",1,5742,2017,5
"1144",7,5742,2017,6
"1145",2,5742,2017,7
"1146",0,5742,2017,8
"1147",0,5742,2017,9
"1148",0,5742,2017,10
"1149",NA,5742,2018,4
"1150",0,5742,2018,5
"1151",3,5742,2018,6
"1152",7,5742,2018,7
"1153",1,5742,2018,8
"1154",0,5742,2018,9
"1155",0,5742,2018,10
"1156",0,5742,2019,4
"1157",0,5742,2019,5
"1158",1,5742,2019,6
"1159",1,5742,2019,7
"1160",0,5742,2019,8
"1161",0,5742,2019,9
"1162",0,5742,2019,10
"1163",0,5742,2020,4
"1164",0,5742,2020,5
"1165",0,5742,2020,6
"1166",1,5742,2020,7
"1167",0,5742,2020,8
"1168",0,5742,2020,9
"1169",0,5742,2020,10
"1170",0,5742,2021,4
"1171",0,5742,2021,5
"1172",0,5742,2021,6
"1173",0,5742,2021,7
"1174",0,5742,2021,8
"1175",0,5742,2021,9
"1176",0,5742,2021,10
"1177",0,5742,2022,4
"1178",0,5742,2022,5
"1179",0,5742,2022,6
"1180",4,5742,2022,7
"1181",0,5742,2022,8
"1182",0,5742,2022,9
"1183",0,5742,2022,10
"1184",0,5749,2010,4
"1185",0,5749,2010,5
"1186",8,5749,2010,6
"1187",14,5749,2010,7
"1188",1,5749,2010,8
"1189",0,5749,2010,9
"1190",0,5749,2010,10
"1191",0,5749,2011,4
"1192",2,5749,2011,5
"1193",4,5749,2011,6
"1194",2,5749,2011,7
"1195",5,5749,2011,8
"1196",1,5749,2011,9
"1197",0,5749,2011,10
"1198",0,5749,2012,4
"1199",1,5749,2012,5
"1200",3,5749,2012,6
"1201",4,5749,2012,7
"1202",12,5749,2012,8
"1203",2,5749,2012,9
"1204",0,5749,2012,10
"1205",0,5749,2013,4
"1206",0,5749,2013,5
"1207",5,5749,2013,6
"1208",11,5749,2013,7
"1209",6,5749,2013,8
"1210",0,5749,2013,9
"1211",0,5749,2013,10
"1212",0,5749,2014,4
"1213",0,5749,2014,5
"1214",6,5749,2014,6
"1215",4,5749,2014,7
"1216",0,5749,2014,8
"1217",0,5749,2014,9
"1218",0,5749,2014,10
"1219",0,5749,2015,4
"1220",1,5749,2015,5
"1221",9,5749,2015,6
"1222",20,5749,2015,7
"1223",10,5749,2015,8
"1224",0,5749,2015,9
"1225",0,5749,2015,10
"1226",0,5749,2016,4
"1227",1,5749,2016,5
"1228",5,5749,2016,6
"1229",9,5749,2016,7
"1230",4,5749,2016,8
"1231",5,5749,2016,9
"1232",0,5749,2016,10
"1233",0,5749,2017,4
"1234",1,5749,2017,5
"1235",9,5749,2017,6
"1236",7,5749,2017,7
"1237",9,5749,2017,8
"1238",0,5749,2017,9
"1239",0,5749,2017,10
"1240",0,5749,2018,4
"1241",0,5749,2018,5
"1242",6,5749,2018,6
"1243",9,5749,2018,7
"1244",8,5749,2018,8
"1245",1,5749,2018,9
"1246",0,5749,2018,10
"1247",0,5749,2019,4
"1248",0,5749,2019,5
"1249",7,5749,2019,6
"1250",6,5749,2019,7
"1251",1,5749,2019,8
"1252",1,5749,2019,9
"1253",0,5749,2019,10
"1254",0,5749,2020,4
"1255",0,5749,2020,5
"1256",0,5749,2020,6
"1257",5,5749,2020,7
"1258",4,5749,2020,8
"1259",1,5749,2020,9
"1260",0,5749,2020,10
"1261",0,5749,2021,4
"1262",0,5749,2021,5
"1263",1,5749,2021,6
"1264",2,5749,2021,7
"1265",6,5749,2021,8
"1266",2,5749,2021,9
"1267",0,5749,2021,10
"1268",0,5749,2022,4
"1269",0,5749,2022,5
"1270",6,5749,2022,6
"1271",10,5749,2022,7
"1272",4,5749,2022,8
"1273",0,5749,2022,9
"1274",0,5749,2022,10
"1275",0,5750,2010,4
"1276",0,5750,2010,5
"1277",6,5750,2010,6
"1278",12,5750,2010,7
"1279",0,5750,2010,8
"1280",0,5750,2010,9
"1281",0,5750,2010,10
"1282",NA,5750,2011,4
"1283",1,5750,2011,5
"1284",3,5750,2011,6
"1285",2,5750,2011,7
"1286",4,5750,2011,8
"1287",1,5750,2011,9
"1288",0,5750,2011,10
"1289",0,5750,2012,4
"1290",1,5750,2012,5
"1291",4,5750,2012,6
"1292",3,5750,2012,7
"1293",7,5750,2012,8
"1294",0,5750,2012,9
"1295",0,5750,2012,10
"1296",0,5750,2013,4
"1297",0,5750,2013,5
"1298",4,5750,2013,6
"1299",10,5750,2013,7
"1300",6,5750,2013,8
"1301",1,5750,2013,9
"1302",0,5750,2013,10
"1303",0,5750,2014,4
"1304",0,5750,2014,5
"1305",4,5750,2014,6
"1306",1,5750,2014,7
"1307",0,5750,2014,8
"1308",0,5750,2014,9
"1309",0,5750,2014,10
"1310",0,5750,2015,4
"1311",1,5750,2015,5
"1312",8,5750,2015,6
"1313",19,5750,2015,7
"1314",7,5750,2015,8
"1315",0,5750,2015,9
"1316",0,5750,2015,10
"1317",0,5750,2016,4
"1318",1,5750,2016,5
"1319",5,5750,2016,6
"1320",9,5750,2016,7
"1321",4,5750,2016,8
"1322",1,5750,2016,9
"1323",0,5750,2016,10
"1324",0,5750,2017,4
"1325",3,5750,2017,5
"1326",10,5750,2017,6
"1327",9,5750,2017,7
"1328",6,5750,2017,8
"1329",0,5750,2017,9
"1330",0,5750,2017,10
"1331",0,5750,2018,4
"1332",0,5750,2018,5
"1333",2,5750,2018,6
"1334",8,5750,2018,7
"1335",4,5750,2018,8
"1336",0,5750,2018,9
"1337",0,5750,2018,10
"1338",0,5750,2019,4
"1339",0,5750,2019,5
"1340",6,5750,2019,6
"1341",8,5750,2019,7
"1342",1,5750,2019,8
"1343",1,5750,2019,9
"1344",0,5750,2019,10
"1345",0,5750,2020,4
"1346",0,5750,2020,5
"1347",0,5750,2020,6
"1348",3,5750,2020,7
"1349",1,5750,2020,8
"1350",0,5750,2020,9
"1351",0,5750,2020,10
"1352",0,5750,2021,4
"1353",0,5750,2021,5
"1354",0,5750,2021,6
"1355",1,5750,2021,7
"1356",0,5750,2021,8
"1357",0,5750,2021,9
"1358",0,5750,2021,10
"1359",0,5750,2022,4
"1360",0,5750,2022,5
"1361",1,5750,2022,6
"1362",7,5750,2022,7
"1363",2,5750,2022,8
"1364",0,5750,2022,9
"1365",0,5750,2022,10
"1366",0,5952,2010,4
"1367",0,5952,2010,5
"1368",0,5952,2010,6
"1369",NA,5952,2010,7
"1370",0,5952,2010,8
"1371",0,5952,2010,9
"1372",0,5952,2010,10
"1373",NA,5952,2011,4
"1374",3,5952,2011,5
"1375",1,5952,2011,6
"1376",0,5952,2011,7
"1377",0,5952,2011,8
"1378",0,5952,2011,9
"1379",0,5952,2011,10
"1380",0,5952,2012,4
"1381",0,5952,2012,5
"1382",0,5952,2012,6
"1383",1,5952,2012,7
"1384",3,5952,2012,8
"1385",0,5952,2012,9
"1386",0,5952,2012,10
"1387",0,5952,2013,4
"1388",0,5952,2013,5
"1389",3,5952,2013,6
"1390",3,5952,2013,7
"1391",5,5952,2013,8
"1392",0,5952,2013,9
"1393",0,5952,2013,10
"1394",0,5952,2014,4
"1395",0,5952,2014,5
"1396",4,5952,2014,6
"1397",0,5952,2014,7
"1398",0,5952,2014,8
"1399",0,5952,2014,9
"1400",0,5952,2014,10
"1401",0,5952,2015,4
"1402",NA,5952,2015,5
"1403",NA,5952,2015,6
"1404",6,5952,2015,7
"1405",1,5952,2015,8
"1406",0,5952,2015,9
"1407",0,5952,2015,10
"1408",NA,5952,2016,4
"1409",0,5952,2016,5
"1410",1,5952,2016,6
"1411",2,5952,2016,7
"1412",0,5952,2016,8
"1413",0,5952,2016,9
"1414",0,5952,2016,10
"1415",0,5952,2017,4
"1416",0,5952,2017,5
"1417",4,5952,2017,6
"1418",1,5952,2017,7
"1419",2,5952,2017,8
"1420",0,5952,2017,9
"1421",0,5952,2017,10
"1422",0,5952,2018,4
"1423",0,5952,2018,5
"1424",0,5952,2018,6
"1425",1,5952,2018,7
"1426",1,5952,2018,8
"1427",0,5952,2018,9
"1428",0,5952,2018,10
"1429",0,5952,2019,4
"1430",0,5952,2019,5
"1431",3,5952,2019,6
"1432",3,5952,2019,7
"1433",0,5952,2019,8
"1434",0,5952,2019,9
"1435",0,5952,2019,10
"1436",0,5952,2020,4
"1437",0,5952,2020,5
"1438",0,5952,2020,6
"1439",0,5952,2020,7
"1440",0,5952,2020,8
"1441",0,5952,2020,9
"1442",0,5952,2020,10
"1443",0,5952,2021,4
"1444",0,5952,2021,5
"1445",0,5952,2021,6
"1446",0,5952,2021,7
"1447",0,5952,2021,8
"1448",0,5952,2021,9
"1449",0,5952,2021,10
"1450",0,5952,2022,4
"1451",0,5952,2022,5
"1452",4,5952,2022,6
"1453",2,5952,2022,7
"1454",0,5952,2022,8
"1455",0,5952,2022,9
"1456",0,5952,2022,10
"1457",0,5960,2010,4
"1458",0,5960,2010,5
"1459",3,5960,2010,6
"1460",9,5960,2010,7
"1461",0,5960,2010,8
"1462",0,5960,2010,9
"1463",0,5960,2010,10
"1464",0,5960,2011,4
"1465",3,5960,2011,5
"1466",1,5960,2011,6
"1467",0,5960,2011,7
"1468",1,5960,2011,8
"1469",0,5960,2011,9
"1470",0,5960,2011,10
"1471",0,5960,2012,4
"1472",1,5960,2012,5
"1473",3,5960,2012,6
"1474",4,5960,2012,7
"1475",3,5960,2012,8
"1476",0,5960,2012,9
"1477",0,5960,2012,10
"1478",0,5960,2013,4
"1479",0,5960,2013,5
"1480",1,5960,2013,6
"1481",14,5960,2013,7
"1482",4,5960,2013,8
"1483",0,5960,2013,9
"1484",0,5960,2013,10
"1485",0,5960,2014,4
"1486",0,5960,2014,5
"1487",NA,5960,2014,6
"1488",0,5960,2014,7
"1489",0,5960,2014,8
"1490",0,5960,2014,9
"1491",0,5960,2014,10
"1492",0,5960,2015,4
"1493",1,5960,2015,5
"1494",6,5960,2015,6
"1495",16,5960,2015,7
"1496",7,5960,2015,8
"1497",0,5960,2015,9
"1498",0,5960,2015,10
"1499",0,5960,2016,4
"1500",0,5960,2016,5
"1501",2,5960,2016,6
"1502",4,5960,2016,7
"1503",0,5960,2016,8
"1504",1,5960,2016,9
"1505",0,5960,2016,10
"1506",0,5960,2017,4
"1507",1,5960,2017,5
"1508",8,5960,2017,6
"1509",1,5960,2017,7
"1510",0,5960,2017,8
"1511",0,5960,2017,9
"1512",0,5960,2017,10
"1513",0,5960,2018,4
"1514",0,5960,2018,5
"1515",0,5960,2018,6
"1516",NA,5960,2018,7
"1517",0,5960,2018,8
"1518",0,5960,2018,9
"1519",0,5960,2018,10
"1520",0,5960,2019,4
"1521",0,5960,2019,5
"1522",6,5960,2019,6
"1523",9,5960,2019,7
"1524",0,5960,2019,8
"1525",0,5960,2019,9
"1526",0,5960,2019,10
"1527",0,5960,2020,4
"1528",0,5960,2020,5
"1529",0,5960,2020,6
"1530",1,5960,2020,7
"1531",0,5960,2020,8
"1532",0,5960,2020,9
"1533",0,5960,2020,10
"1534",0,5960,2021,4
"1535",0,5960,2021,5
"1536",0,5960,2021,6
"1537",0,5960,2021,7
"1538",1,5960,2021,8
"1539",0,5960,2021,9
"1540",0,5960,2021,10
"1541",0,5960,2022,4
"1542",0,5960,2022,5
"1543",3,5960,2022,6
"1544",0,5960,2022,7
"1545",0,5960,2022,8
"1546",0,5960,2022,9
"1547",0,5960,2022,10
"1548",0,6582,2010,4
"1549",0,6582,2010,5
"1550",3,6582,2010,6
"1551",7,6582,2010,7
"1552",0,6582,2010,8
"1553",0,6582,2010,9
"1554",0,6582,2010,10
"1555",0,6582,2011,4
"1556",1,6582,2011,5
"1557",2,6582,2011,6
"1558",2,6582,2011,7
"1559",0,6582,2011,8
"1560",0,6582,2011,9
"1561",0,6582,2011,10
"1562",0,6582,2012,4
"1563",0,6582,2012,5
"1564",3,6582,2012,6
"1565",1,6582,2012,7
"1566",6,6582,2012,8
"1567",0,6582,2012,9
"1568",0,6582,2012,10
"1569",0,6582,2013,4
"1570",0,6582,2013,5
"1571",1,6582,2013,6
"1572",4,6582,2013,7
"1573",1,6582,2013,8
"1574",0,6582,2013,9
"1575",0,6582,2013,10
"1576",0,6582,2014,4
"1577",0,6582,2014,5
"1578",3,6582,2014,6
"1579",1,6582,2014,7
"1580",0,6582,2014,8
"1581",0,6582,2014,9
"1582",0,6582,2014,10
"1583",0,6582,2015,4
"1584",1,6582,2015,5
"1585",6,6582,2015,6
"1586",18,6582,2015,7
"1587",6,6582,2015,8
"1588",0,6582,2015,9
"1589",0,6582,2015,10
"1590",0,6582,2016,4
"1591",0,6582,2016,5
"1592",3,6582,2016,6
"1593",4,6582,2016,7
"1594",0,6582,2016,8
"1595",1,6582,2016,9
"1596",0,6582,2016,10
"1597",0,6582,2017,4
"1598",1,6582,2017,5
"1599",7,6582,2017,6
"1600",7,6582,2017,7
"1601",3,6582,2017,8
"1602",0,6582,2017,9
"1603",0,6582,2017,10
"1604",0,6582,2018,4
"1605",0,6582,2018,5
"1606",1,6582,2018,6
"1607",6,6582,2018,7
"1608",5,6582,2018,8
"1609",1,6582,2018,9
"1610",0,6582,2018,10
"1611",0,6582,2019,4
"1612",0,6582,2019,5
"1613",5,6582,2019,6
"1614",4,6582,2019,7
"1615",0,6582,2019,8
"1616",0,6582,2019,9
"1617",0,6582,2019,10
"1618",0,6582,2020,4
"1619",0,6582,2020,5
"1620",0,6582,2020,6
"1621",4,6582,2020,7
"1622",3,6582,2020,8
"1623",0,6582,2020,9
"1624",0,6582,2020,10
"1625",0,6582,2021,4
"1626",0,6582,2021,5
"1627",1,6582,2021,6
"1628",2,6582,2021,7
"1629",0,6582,2021,8
"1630",0,6582,2021,9
"1631",0,6582,2021,10
"1632",0,6582,2022,4
"1633",0,6582,2022,5
"1634",0,6582,2022,6
"1635",12,6582,2022,7
"1636",3,6582,2022,8
"1637",0,6582,2022,9
"1638",0,6582,2022,10
"1639",0,6665,2010,4
"1640",0,6665,2010,5
"1641",4,6665,2010,6
"1642",10,6665,2010,7
"1643",0,6665,2010,8
"1644",0,6665,2010,9
"1645",0,6665,2010,10
"1646",0,6665,2011,4
"1647",1,6665,2011,5
"1648",3,6665,2011,6
"1649",1,6665,2011,7
"1650",0,6665,2011,8
"1651",0,6665,2011,9
"1652",0,6665,2011,10
"1653",0,6665,2012,4
"1654",0,6665,2012,5
"1655",5,6665,2012,6
"1656",9,6665,2012,7
"1657",12,6665,2012,8
"1658",1,6665,2012,9
"1659",0,6665,2012,10
"1660",0,6665,2013,4
"1661",0,6665,2013,5
"1662",4,6665,2013,6
"1663",12,6665,2013,7
"1664",6,6665,2013,8
"1665",0,6665,2013,9
"1666",0,6665,2013,10
"1667",0,6665,2014,4
"1668",0,6665,2014,5
"1669",6,6665,2014,6
"1670",3,6665,2014,7
"1671",0,6665,2014,8
"1672",0,6665,2014,9
"1673",0,6665,2014,10
"1674",0,6665,2015,4
"1675",1,6665,2015,5
"1676",11,6665,2015,6
"1677",22,6665,2015,7
"1678",12,6665,2015,8
"1679",0,6665,2015,9
"1680",0,6665,2015,10
"1681",0,6665,2016,4
"1682",1,6665,2016,5
"1683",5,6665,2016,6
"1684",10,6665,2016,7
"1685",7,6665,2016,8
"1686",6,6665,2016,9
"1687",0,6665,2016,10
"1688",0,6665,2017,4
"1689",3,6665,2017,5
"1690",10,6665,2017,6
"1691",10,6665,2017,7
"1692",10,6665,2017,8
"1693",0,6665,2017,9
"1694",0,6665,2017,10
"1695",0,6665,2018,4
"1696",0,6665,2018,5
"1697",5,6665,2018,6
"1698",12,6665,2018,7
"1699",8,6665,2018,8
"1700",3,6665,2018,9
"1701",0,6665,2018,10
"1702",0,6665,2019,4
"1703",0,6665,2019,5
"1704",6,6665,2019,6
"1705",9,6665,2019,7
"1706",1,6665,2019,8
"1707",0,6665,2019,9
"1708",0,6665,2019,10
"1709",NA,6665,2020,4
"1710",0,6665,2020,5
"1711",0,6665,2020,6
"1712",5,6665,2020,7
"1713",4,6665,2020,8
"1714",0,6665,2020,9
"1715",0,6665,2020,10
"1716",0,6665,2021,4
"1717",0,6665,2021,5
"1718",2,6665,2021,6
"1719",3,6665,2021,7
"1720",2,6665,2021,8
"1721",1,6665,2021,9
"1722",0,6665,2021,10
"1723",0,6665,2022,4
"1724",1,6665,2022,5
"1725",5,6665,2022,6
"1726",10,6665,2022,7
"1727",3,6665,2022,8
"1728",0,6665,2022,9
"1729",0,6665,2022,10
"1730",0,6691,2010,4
"1731",0,6691,2010,5
"1732",0,6691,2010,6
"1733",NA,6691,2010,7
"1734",0,6691,2010,8
"1735",0,6691,2010,9
"1736",0,6691,2010,10
"1737",0,6691,2011,4
"1738",3,6691,2011,5
"1739",3,6691,2011,6
"1740",2,6691,2011,7
"1741",4,6691,2011,8
"1742",0,6691,2011,9
"1743",0,6691,2011,10
"1744",0,6691,2012,4
"1745",0,6691,2012,5
"1746",NA,6691,2012,6
"1747",3,6691,2012,7
"1748",0,6691,2012,8
"1749",0,6691,2012,9
"1750",NA,6691,2012,10
"1751",0,6691,2013,4
"1752",0,6691,2013,5
"1753",0,6691,2013,6
"1754",1,6691,2013,7
"1755",1,6691,2013,8
"1756",0,6691,2013,9
"1757",0,6691,2013,10
"1758",0,6691,2014,4
"1759",0,6691,2014,5
"1760",4,6691,2014,6
"1761",0,6691,2014,7
"1762",0,6691,2014,8
"1763",0,6691,2014,9
"1764",0,6691,2014,10
"1765",0,6691,2015,4
"1766",0,6691,2015,5
"1767",2,6691,2015,6
"1768",13,6691,2015,7
"1769",4,6691,2015,8
"1770",0,6691,2015,9
"1771",0,6691,2015,10
"1772",0,6691,2016,4
"1773",0,6691,2016,5
"1774",1,6691,2016,6
"1775",3,6691,2016,7
"1776",0,6691,2016,8
"1777",0,6691,2016,9
"1778",0,6691,2016,10
"1779",0,6691,2017,4
"1780",4,6691,2017,5
"1781",0,6691,2017,6
"1782",2,6691,2017,7
"1783",2,6691,2017,8
"1784",0,6691,2017,9
"1785",0,6691,2017,10
"1786",0,6691,2018,4
"1787",0,6691,2018,5
"1788",1,6691,2018,6
"1789",3,6691,2018,7
"1790",1,6691,2018,8
"1791",0,6691,2018,9
"1792",0,6691,2018,10
"1793",0,6691,2019,4
"1794",0,6691,2019,5
"1795",4,6691,2019,6
"1796",6,6691,2019,7
"1797",0,6691,2019,8
"1798",0,6691,2019,9
"1799",0,6691,2019,10
"1800",0,6691,2020,4
"1801",0,6691,2020,5
"1802",0,6691,2020,6
"1803",0,6691,2020,7
"1804",0,6691,2020,8
"1805",0,6691,2020,9
"1806",0,6691,2020,10
"1807",0,6691,2021,4
"1808",0,6691,2021,5
"1809",0,6691,2021,6
"1810",0,6691,2021,7
"1811",0,6691,2021,8
"1812",0,6691,2021,9
"1813",0,6691,2021,10
"1814",0,6691,2022,4
"1815",0,6691,2022,5
"1816",1,6691,2022,6
"1817",1,6691,2022,7
"1818",0,6691,2022,8
"1819",0,6691,2022,9
"1820",0,6691,2022,10
"1821",0,6804,2010,4
"1822",0,6804,2010,5
"1823",0,6804,2010,6
"1824",10,6804,2010,7
"1825",0,6804,2010,8
"1826",0,6804,2010,9
"1827",0,6804,2010,10
"1828",0,6804,2011,4
"1829",2,6804,2011,5
"1830",1,6804,2011,6
"1831",0,6804,2011,7
"1832",1,6804,2011,8
"1833",0,6804,2011,9
"1834",0,6804,2011,10
"1835",0,6804,2012,4
"1836",1,6804,2012,5
"1837",0,6804,2012,6
"1838",1,6804,2012,7
"1839",3,6804,2012,8
"1840",0,6804,2012,9
"1841",0,6804,2012,10
"1842",0,6804,2013,4
"1843",0,6804,2013,5
"1844",1,6804,2013,6
"1845",NA,6804,2013,7
"1846",5,6804,2013,8
"1847",0,6804,2013,9
"1848",0,6804,2013,10
"1849",0,6804,2014,4
"1850",0,6804,2014,5
"1851",5,6804,2014,6
"1852",0,6804,2014,7
"1853",0,6804,2014,8
"1854",0,6804,2014,9
"1855",0,6804,2014,10
"1856",0,6804,2015,4
"1857",0,6804,2015,5
"1858",4,6804,2015,6
"1859",12,6804,2015,7
"1860",5,6804,2015,8
"1861",0,6804,2015,9
"1862",0,6804,2015,10
"1863",NA,6804,2016,4
"1864",0,6804,2016,5
"1865",2,6804,2016,6
"1866",1,6804,2016,7
"1867",0,6804,2016,8
"1868",0,6804,2016,9
"1869",0,6804,2016,10
"1870",0,6804,2017,4
"1871",1,6804,2017,5
"1872",10,6804,2017,6
"1873",3,6804,2017,7
"1874",3,6804,2017,8
"1875",0,6804,2017,9
"1876",NA,6804,2017,10
"1877",0,6804,2018,4
"1878",0,6804,2018,5
"1879",1,6804,2018,6
"1880",2,6804,2018,7
"1881",1,6804,2018,8
"1882",0,6804,2018,9
"1883",0,6804,2018,10
"1884",0,6804,2019,4
"1885",0,6804,2019,5
"1886",3,6804,2019,6
"1887",7,6804,2019,7
"1888",0,6804,2019,8
"1889",0,6804,2019,9
"1890",0,6804,2019,10
"1891",0,6804,2020,4
"1892",0,6804,2020,5
"1893",0,6804,2020,6
"1894",2,6804,2020,7
"1895",0,6804,2020,8
"1896",0,6804,2020,9
"1897",0,6804,2020,10
"1898",0,6804,2021,4
"1899",0,6804,2021,5
"1900",1,6804,2021,6
"1901",0,6804,2021,7
"1902",NA,6804,2021,8
"1903",0,6804,2021,9
"1904",0,6804,2021,10
"1905",0,6804,2022,4
"1906",0,6804,2022,5
"1907",2,6804,2022,6
"1908",0,6804,2022,7
"1909",0,6804,2022,8
"1910",0,6804,2022,9
"1911",0,6804,2022,10
"1912",0,6818,2010,4
"1913",0,6818,2010,5
"1914",0,6818,2010,6
"1915",NA,6818,2010,7
"1916",0,6818,2010,8
"1917",0,6818,2010,9
"1918",0,6818,2010,10
"1919",0,6818,2011,4
"1920",2,6818,2011,5
"1921",0,6818,2011,6
"1922",0,6818,2011,7
"1923",0,6818,2011,8
"1924",0,6818,2011,9
"1925",0,6818,2011,10
"1926",0,6818,2012,4
"1927",0,6818,2012,5
"1928",0,6818,2012,6
"1929",0,6818,2012,7
"1930",2,6818,2012,8
"1931",0,6818,2012,9
"1932",0,6818,2012,10
"1933",0,6818,2013,4
"1934",0,6818,2013,5
"1935",3,6818,2013,6
"1936",7,6818,2013,7
"1937",2,6818,2013,8
"1938",0,6818,2013,9
"1939",0,6818,2013,10
"1940",0,6818,2014,4
"1941",0,6818,2014,5
"1942",7,6818,2014,6
"1943",0,6818,2014,7
"1944",0,6818,2014,8
"1945",0,6818,2014,9
"1946",0,6818,2014,10
"1947",0,6818,2015,4
"1948",0,6818,2015,5
"1949",0,6818,2015,6
"1950",1,6818,2015,7
"1951",1,6818,2015,8
"1952",0,6818,2015,9
"1953",0,6818,2015,10
"1954",0,6818,2016,4
"1955",0,6818,2016,5
"1956",0,6818,2016,6
"1957",2,6818,2016,7
"1958",0,6818,2016,8
"1959",0,6818,2016,9
"1960",NA,6818,2016,10
"1961",0,6818,2017,4
"1962",NA,6818,2017,5
"1963",9,6818,2017,6
"1964",4,6818,2017,7
"1965",3,6818,2017,8
"1966",0,6818,2017,9
"1967",0,6818,2017,10
"1968",0,6818,2018,4
"1969",0,6818,2018,5
"1970",1,6818,2018,6
"1971",2,6818,2018,7
"1972",1,6818,2018,8
"1973",0,6818,2018,9
"1974",0,6818,2018,10
"1975",0,6818,2019,4
"1976",0,6818,2019,5
"1977",2,6818,2019,6
"1978",4,6818,2019,7
"1979",0,6818,2019,8
"1980",0,6818,2019,9
"1981",0,6818,2019,10
"1982",0,6818,2020,4
"1983",0,6818,2020,5
"1984",0,6818,2020,6
"1985",0,6818,2020,7
"1986",0,6818,2020,8
"1987",0,6818,2020,9
"1988",0,6818,2020,10
"1989",0,6818,2021,4
"1990",0,6818,2021,5
"1991",0,6818,2021,6
"1992",0,6818,2021,7
"1993",0,6818,2021,8
"1994",0,6818,2021,9
"1995",0,6818,2021,10
"1996",0,6818,2022,4
"1997",0,6818,2022,5
"1998",0,6818,2022,6
"1999",4,6818,2022,7
"2000",1,6818,2022,8
"2001",0,6818,2022,9
"2002",0,6818,2022,10
"2003",0,6832,2010,4
"2004",0,6832,2010,5
"2005",0,6832,2010,6
"2006",NA,6832,2010,7
"2007",1,6832,2010,8
"2008",0,6832,2010,9
"2009",0,6832,2010,10
"2010",4,6832,2011,4
"2011",3,6832,2011,5
"2012",3,6832,2011,6
"2013",0,6832,2011,7
"2014",4,6832,2011,8
"2015",0,6832,2011,9
"2016",0,6832,2011,10
"2017",0,6832,2012,4
"2018",3,6832,2012,5
"2019",1,6832,2012,6
"2020",2,6832,2012,7
"2021",3,6832,2012,8
"2022",0,6832,2012,9
"2023",0,6832,2012,10
"2024",0,6832,2013,4
"2025",0,6832,2013,5
"2026",5,6832,2013,6
"2027",9,6832,2013,7
"2028",4,6832,2013,8
"2029",0,6832,2013,9
"2030",0,6832,2013,10
"2031",0,6832,2014,4
"2032",NA,6832,2014,5
"2033",6,6832,2014,6
"2034",0,6832,2014,7
"2035",0,6832,2014,8
"2036",0,6832,2014,9
"2037",0,6832,2014,10
"2038",0,6832,2015,4
"2039",0,6832,2015,5
"2040",6,6832,2015,6
"2041",15,6832,2015,7
"2042",4,6832,2015,8
"2043",0,6832,2015,9
"2044",0,6832,2015,10
"2045",0,6832,2016,4
"2046",0,6832,2016,5
"2047",0,6832,2016,6
"2048",2,6832,2016,7
"2049",0,6832,2016,8
"2050",0,6832,2016,9
"2051",0,6832,2016,10
"2052",0,6832,2017,4
"2053",1,6832,2017,5
"2054",10,6832,2017,6
"2055",5,6832,2017,7
"2056",2,6832,2017,8
"2057",0,6832,2017,9
"2058",NA,6832,2017,10
"2059",0,6832,2018,4
"2060",0,6832,2018,5
"2061",2,6832,2018,6
"2062",7,6832,2018,7
"2063",2,6832,2018,8
"2064",0,6832,2018,9
"2065",0,6832,2018,10
"2066",0,6832,2019,4
"2067",0,6832,2019,5
"2068",6,6832,2019,6
"2069",10,6832,2019,7
"2070",0,6832,2019,8
"2071",0,6832,2019,9
"2072",0,6832,2019,10
"2073",0,6832,2020,4
"2074",0,6832,2020,5
"2075",0,6832,2020,6
"2076",2,6832,2020,7
"2077",0,6832,2020,8
"2078",0,6832,2020,9
"2079",0,6832,2020,10
"2080",0,6832,2021,4
"2081",0,6832,2021,5
"2082",3,6832,2021,6
"2083",0,6832,2021,7
"2084",1,6832,2021,8
"2085",0,6832,2021,9
"2086",0,6832,2021,10
"2087",0,6832,2022,4
"2088",0,6832,2022,5
"2089",2,6832,2022,6
"2090",2,6832,2022,7
"2091",1,6832,2022,8
"2092",0,6832,2022,9
"2093",0,6832,2022,10
"2094",0,6884,2010,4
"2095",0,6884,2010,5
"2096",0,6884,2010,6
"2097",3,6884,2010,7
"2098",0,6884,2010,8
"2099",0,6884,2010,9
"2100",0,6884,2010,10
"2101",0,6884,2011,4
"2102",0,6884,2011,5
"2103",NA,6884,2011,6
"2104",2,6884,2011,7
"2105",NA,6884,2011,8
"2106",0,6884,2011,9
"2107",0,6884,2011,10
"2108",0,6884,2012,4
"2109",2,6884,2012,5
"2110",4,6884,2012,6
"2111",4,6884,2012,7
"2112",1,6884,2012,8
"2113",0,6884,2012,9
"2114",0,6884,2012,10
"2115",0,6884,2013,4
"2116",0,6884,2013,5
"2117",2,6884,2013,6
"2118",4,6884,2013,7
"2119",4,6884,2013,8
"2120",0,6884,2013,9
"2121",0,6884,2013,10
"2122",0,6884,2014,4
"2123",0,6884,2014,5
"2124",1,6884,2014,6
"2125",0,6884,2014,7
"2126",0,6884,2014,8
"2127",0,6884,2014,9
"2128",0,6884,2014,10
"2129",0,6884,2015,4
"2130",0,6884,2015,5
"2131",0,6884,2015,6
"2132",7,6884,2015,7
"2133",1,6884,2015,8
"2134",0,6884,2015,9
"2135",0,6884,2015,10
"2136",0,6884,2016,4
"2137",0,6884,2016,5
"2138",0,6884,2016,6
"2139",4,6884,2016,7
"2140",0,6884,2016,8
"2141",0,6884,2016,9
"2142",0,6884,2016,10
"2143",0,6884,2017,4
"2144",0,6884,2017,5
"2145",2,6884,2017,6
"2146",0,6884,2017,7
"2147",0,6884,2017,8
"2148",0,6884,2017,9
"2149",0,6884,2017,10
"2150",0,6884,2018,4
"2151",0,6884,2018,5
"2152",0,6884,2018,6
"2153",4,6884,2018,7
"2154",1,6884,2018,8
"2155",1,6884,2018,9
"2156",0,6884,2018,10
"2157",0,6884,2019,4
"2158",0,6884,2019,5
"2159",2,6884,2019,6
"2160",4,6884,2019,7
"2161",0,6884,2019,8
"2162",0,6884,2019,9
"2163",0,6884,2019,10
"2164",0,6884,2020,4
"2165",0,6884,2020,5
"2166",0,6884,2020,6
"2167",0,6884,2020,7
"2168",0,6884,2020,8
"2169",0,6884,2020,9
"2170",0,6884,2020,10
"2171",0,6884,2021,4
"2172",0,6884,2021,5
"2173",0,6884,2021,6
"2174",0,6884,2021,7
"2175",0,6884,2021,8
"2176",0,6884,2021,9
"2177",0,6884,2021,10
"2178",0,6884,2022,4
"2179",0,6884,2022,5
"2180",1,6884,2022,6
"2181",1,6884,2022,7
"2182",0,6884,2022,8
"2183",0,6884,2022,9
"2184",0,6884,2022,10
"2185",0,6904,2010,4
"2186",0,6904,2010,5
"2187",5,6904,2010,6
"2188",7,6904,2010,7
"2189",0,6904,2010,8
"2190",0,6904,2010,9
"2191",0,6904,2010,10
"2192",0,6904,2011,4
"2193",NA,6904,2011,5
"2194",2,6904,2011,6
"2195",1,6904,2011,7
"2196",3,6904,2011,8
"2197",0,6904,2011,9
"2198",0,6904,2011,10
"2199",NA,6904,2012,4
"2200",NA,6904,2012,5
"2201",4,6904,2012,6
"2202",4,6904,2012,7
"2203",4,6904,2012,8
"2204",NA,6904,2012,9
"2205",0,6904,2012,10
"2206",0,6904,2013,4
"2207",0,6904,2013,5
"2208",4,6904,2013,6
"2209",9,6904,2013,7
"2210",3,6904,2013,8
"2211",0,6904,2013,9
"2212",0,6904,2013,10
"2213",0,6904,2014,4
"2214",1,6904,2014,5
"2215",5,6904,2014,6
"2216",2,6904,2014,7
"2217",0,6904,2014,8
"2218",0,6904,2014,9
"2219",0,6904,2014,10
"2220",NA,6904,2015,4
"2221",1,6904,2015,5
"2222",6,6904,2015,6
"2223",20,6904,2015,7
"2224",8,6904,2015,8
"2225",0,6904,2015,9
"2226",0,6904,2015,10
"2227",0,6904,2016,4
"2228",0,6904,2016,5
"2229",2,6904,2016,6
"2230",4,6904,2016,7
"2231",NA,6904,2016,8
"2232",1,6904,2016,9
"2233",0,6904,2016,10
"2234",0,6904,2017,4
"2235",2,6904,2017,5
"2236",7,6904,2017,6
"2237",9,6904,2017,7
"2238",10,6904,2017,8
"2239",0,6904,2017,9
"2240",0,6904,2017,10
"2241",0,6904,2018,4
"2242",0,6904,2018,5
"2243",3,6904,2018,6
"2244",2,6904,2018,7
"2245",1,6904,2018,8
"2246",1,6904,2018,9
"2247",0,6904,2018,10
"2248",0,6904,2019,4
"2249",0,6904,2019,5
"2250",8,6904,2019,6
"2251",8,6904,2019,7
"2252",0,6904,2019,8
"2253",5,6904,2019,9
"2254",0,6904,2019,10
"2255",0,6904,2020,4
"2256",0,6904,2020,5
"2257",0,6904,2020,6
"2258",5,6904,2020,7
"2259",0,6904,2020,8
"2260",1,6904,2020,9
"2261",0,6904,2020,10
"2262",0,6904,2021,4
"2263",0,6904,2021,5
"2264",2,6904,2021,6
"2265",0,6904,2021,7
"2266",0,6904,2021,8
"2267",1,6904,2021,9
"2268",0,6904,2021,10
"2269",0,6904,2022,4
"2270",4,6904,2022,5
"2271",5,6904,2022,6
"2272",6,6904,2022,7
"2273",4,6904,2022,8
"2274",1,6904,2022,9
"2275",0,6904,2022,10
"2276",0,9856,2010,4
"2277",0,9856,2010,5
"2278",6,9856,2010,6
"2279",8,9856,2010,7
"2280",1,9856,2010,8
"2281",NA,9856,2010,9
"2282",NA,9856,2010,10
"2283",0,9856,2011,4
"2284",3,9856,2011,5
"2285",NA,9856,2011,6
"2286",NA,9856,2011,7
"2287",4,9856,2011,8
"2288",NA,9856,2011,9
"2289",0,9856,2011,10
"2290",0,9856,2012,4
"2291",1,9856,2012,5
"2292",4,9856,2012,6
"2293",3,9856,2012,7
"2294",0,9856,2012,8
"2295",0,9856,2012,9
"2296",0,9856,2012,10
"2297",0,9856,2013,4
"2298",0,9856,2013,5
"2299",2,9856,2013,6
"2300",8,9856,2013,7
"2301",2,9856,2013,8
"2302",1,9856,2013,9
"2303",0,9856,2013,10
"2304",0,9856,2014,4
"2305",0,9856,2014,5
"2306",5,9856,2014,6
"2307",2,9856,2014,7
"2308",0,9856,2014,8
"2309",0,9856,2014,9
"2310",0,9856,2014,10
"2311",0,9856,2015,4
"2312",NA,9856,2015,5
"2313",0,9856,2015,6
"2314",13,9856,2015,7
"2315",4,9856,2015,8
"2316",0,9856,2015,9
"2317",0,9856,2015,10
"2318",0,9856,2016,4
"2319",0,9856,2016,5
"2320",4,9856,2016,6
"2321",3,9856,2016,7
"2322",0,9856,2016,8
"2323",1,9856,2016,9
"2324",0,9856,2016,10
"2325",0,9856,2017,4
"2326",0,9856,2017,5
"2327",0,9856,2017,6
"2328",1,9856,2017,7
"2329",4,9856,2017,8
"2330",0,9856,2017,9
"2331",0,9856,2017,10
"2332",0,9856,2018,4
"2333",0,9856,2018,5
"2334",2,9856,2018,6
"2335",6,9856,2018,7
"2336",2,9856,2018,8
"2337",1,9856,2018,9
"2338",0,9856,2018,10
"2339",0,9856,2019,4
"2340",0,9856,2019,5
"2341",3,9856,2019,6
"2342",4,9856,2019,7
"2343",0,9856,2019,8
"2344",0,9856,2019,9
"2345",0,9856,2019,10
"2346",0,9856,2020,4
"2347",0,9856,2020,5
"2348",1,9856,2020,6
"2349",0,9856,2020,7
"2350",0,9856,2020,8
"2351",NA,9856,2020,9
"2352",0,9856,2020,10
"2353",0,9856,2021,4
"2354",0,9856,2021,5
"2355",NA,9856,2021,6
"2356",NA,9856,2021,7
"2357",0,9856,2021,8
"2358",NA,9856,2021,9
"2359",0,9856,2021,10
"2360",0,9856,2022,4
"2361",0,9856,2022,5
"2362",NA,9856,2022,6
"2363",5,9856,2022,7
"2364",1,9856,2022,8
"2365",0,9856,2022,9
"2366",0,9856,2022,10
"2367",0,9861,2010,4
"2368",0,9861,2010,5
"2369",0,9861,2010,6
"2370",0,9861,2010,7
"2371",0,9861,2010,8
"2372",0,9861,2010,9
"2373",0,9861,2010,10
"2374",0,9861,2011,4
"2375",0,9861,2011,5
"2376",0,9861,2011,6
"2377",0,9861,2011,7
"2378",6,9861,2011,8
"2379",NA,9861,2011,9
"2380",0,9861,2011,10
"2381",0,9861,2012,4
"2382",0,9861,2012,5
"2383",2,9861,2012,6
"2384",2,9861,2012,7
"2385",2,9861,2012,8
"2386",0,9861,2012,9
"2387",0,9861,2012,10
"2388",0,9861,2013,4
"2389",0,9861,2013,5
"2390",NA,9861,2013,6
"2391",1,9861,2013,7
"2392",0,9861,2013,8
"2393",0,9861,2013,9
"2394",0,9861,2013,10
"2395",NA,9861,2014,4
"2396",0,9861,2014,5
"2397",7,9861,2014,6
"2398",1,9861,2014,7
"2399",0,9861,2014,8
"2400",0,9861,2014,9
"2401",0,9861,2014,10
"2402",0,9861,2015,4
"2403",0,9861,2015,5
"2404",1,9861,2015,6
"2405",6,9861,2015,7
"2406",2,9861,2015,8
"2407",0,9861,2015,9
"2408",0,9861,2015,10
"2409",0,9861,2016,4
"2410",0,9861,2016,5
"2411",0,9861,2016,6
"2412",2,9861,2016,7
"2413",0,9861,2016,8
"2414",0,9861,2016,9
"2415",0,9861,2016,10
"2416",0,9861,2017,4
"2417",0,9861,2017,5
"2418",0,9861,2017,6
"2419",1,9861,2017,7
"2420",3,9861,2017,8
"2421",0,9861,2017,9
"2422",0,9861,2017,10
"2423",0,9861,2018,4
"2424",0,9861,2018,5
"2425",0,9861,2018,6
"2426",0,9861,2018,7
"2427",0,9861,2018,8
"2428",0,9861,2018,9
"2429",NA,9861,2018,10
"2430",0,9861,2019,4
"2431",0,9861,2019,5
"2432",3,9861,2019,6
"2433",3,9861,2019,7
"2434",0,9861,2019,8
"2435",0,9861,2019,9
"2436",0,9861,2019,10
"2437",0,9861,2020,4
"2438",0,9861,2020,5
"2439",0,9861,2020,6
"2440",0,9861,2020,7
"2441",0,9861,2020,8
"2442",0,9861,2020,9
"2443",0,9861,2020,10
"2444",0,9861,2021,4
"2445",NA,9861,2021,5
"2446",0,9861,2021,6
"2447",0,9861,2021,7
"2448",0,9861,2021,8
"2449",0,9861,2021,9
"2450",0,9861,2021,10
"2451",0,9861,2022,4
"2452",0,9861,2022,5
"2453",0,9861,2022,6
"2454",0,9861,2022,7
"2455",0,9861,2022,8
"2456",0,9861,2022,9
"2457",0,9861,2022,10
"2458",NA,9882,2010,4
"2459",0,9882,2010,5
"2460",2,9882,2010,6
"2461",12,9882,2010,7
"2462",0,9882,2010,8
"2463",NA,9882,2010,9
"2464",0,9882,2010,10
"2465",0,9882,2011,4
"2466",1,9882,2011,5
"2467",1,9882,2011,6
"2468",0,9882,2011,7
"2469",4,9882,2011,8
"2470",0,9882,2011,9
"2471",0,9882,2011,10
"2472",0,9882,2012,4
"2473",0,9882,2012,5
"2474",NA,9882,2012,6
"2475",7,9882,2012,7
"2476",9,9882,2012,8
"2477",NA,9882,2012,9
"2478",0,9882,2012,10
"2479",0,9882,2013,4
"2480",0,9882,2013,5
"2481",2,9882,2013,6
"2482",11,9882,2013,7
"2483",5,9882,2013,8
"2484",0,9882,2013,9
"2485",NA,9882,2013,10
"2486",0,9882,2014,4
"2487",0,9882,2014,5
"2488",4,9882,2014,6
"2489",2,9882,2014,7
"2490",2,9882,2014,8
"2491",0,9882,2014,9
"2492",0,9882,2014,10
"2493",0,9882,2015,4
"2494",1,9882,2015,5
"2495",1,9882,2015,6
"2496",NA,9882,2015,7
"2497",11,9882,2015,8
"2498",0,9882,2015,9
"2499",0,9882,2015,10
"2500",0,9882,2016,4
"2501",0,9882,2016,5
"2502",NA,9882,2016,6
"2503",6,9882,2016,7
"2504",0,9882,2016,8
"2505",4,9882,2016,9
"2506",0,9882,2016,10
"2507",0,9882,2017,4
"2508",2,9882,2017,5
"2509",14,9882,2017,6
"2510",7,9882,2017,7
"2511",9,9882,2017,8
"2512",0,9882,2017,9
"2513",0,9882,2017,10
"2514",0,9882,2018,4
"2515",NA,9882,2018,5
"2516",2,9882,2018,6
"2517",7,9882,2018,7
"2518",8,9882,2018,8
"2519",1,9882,2018,9
"2520",0,9882,2018,10
"2521",0,9882,2019,4
"2522",0,9882,2019,5
"2523",7,9882,2019,6
"2524",10,9882,2019,7
"2525",1,9882,2019,8
"2526",0,9882,2019,9
"2527",0,9882,2019,10
"2528",0,9882,2020,4
"2529",0,9882,2020,5
"2530",0,9882,2020,6
"2531",7,9882,2020,7
"2532",1,9882,2020,8
"2533",0,9882,2020,9
"2534",0,9882,2020,10
"2535",0,9882,2021,4
"2536",0,9882,2021,5
"2537",1,9882,2021,6
"2538",0,9882,2021,7
"2539",4,9882,2021,8
"2540",0,9882,2021,9
"2541",0,9882,2021,10
"2542",0,9882,2022,4
"2543",0,9882,2022,5
"2544",3,9882,2022,6
"2545",2,9882,2022,7
"2546",2,9882,2022,8
"2547",0,9882,2022,9
"2548",0,9882,2022,10
"2549",0,9899,2010,4
"2550",0,9899,2010,5
"2551",1,9899,2010,6
"2552",0,9899,2010,7
"2553",0,9899,2010,8
"2554",0,9899,2010,9
"2555",0,9899,2010,10
"2556",0,9899,2011,4
"2557",4,9899,2011,5
"2558",1,9899,2011,6
"2559",0,9899,2011,7
"2560",3,9899,2011,8
"2561",0,9899,2011,9
"2562",0,9899,2011,10
"2563",0,9899,2012,4
"2564",0,9899,2012,5
"2565",0,9899,2012,6
"2566",2,9899,2012,7
"2567",2,9899,2012,8
"2568",NA,9899,2012,9
"2569",0,9899,2012,10
"2570",0,9899,2013,4
"2571",0,9899,2013,5
"2572",0,9899,2013,6
"2573",1,9899,2013,7
"2574",3,9899,2013,8
"2575",NA,9899,2013,9
"2576",NA,9899,2013,10
"2577",0,9899,2014,4
"2578",0,9899,2014,5
"2579",2,9899,2014,6
"2580",0,9899,2014,7
"2581",0,9899,2014,8
"2582",0,9899,2014,9
"2583",NA,9899,2014,10
"2584",0,9899,2015,4
"2585",0,9899,2015,5
"2586",1,9899,2015,6
"2587",7,9899,2015,7
"2588",2,9899,2015,8
"2589",0,9899,2015,9
"2590",0,9899,2015,10
"2591",0,9899,2016,4
"2592",0,9899,2016,5
"2593",0,9899,2016,6
"2594",0,9899,2016,7
"2595",0,9899,2016,8
"2596",0,9899,2016,9
"2597",0,9899,2016,10
"2598",0,9899,2017,4
"2599",NA,9899,2017,5
"2600",NA,9899,2017,6
"2601",1,9899,2017,7
"2602",2,9899,2017,8
"2603",0,9899,2017,9
"2604",0,9899,2017,10
"2605",0,9899,2018,4
"2606",0,9899,2018,5
"2607",0,9899,2018,6
"2608",1,9899,2018,7
"2609",1,9899,2018,8
"2610",0,9899,2018,9
"2611",0,9899,2018,10
"2612",0,9899,2019,4
"2613",0,9899,2019,5
"2614",4,9899,2019,6
"2615",8,9899,2019,7
"2616",0,9899,2019,8
"2617",NA,9899,2019,9
"2618",0,9899,2019,10
"2619",0,9899,2020,4
"2620",0,9899,2020,5
"2621",0,9899,2020,6
"2622",4,9899,2020,7
"2623",1,9899,2020,8
"2624",0,9899,2020,9
"2625",0,9899,2020,10
"2626",1,9899,2021,4
"2627",0,9899,2021,5
"2628",1,9899,2021,6
"2629",0,9899,2021,7
"2630",0,9899,2021,8
"2631",0,9899,2021,9
"2632",0,9899,2021,10
"2633",0,9899,2022,4
"2634",0,9899,2022,5
"2635",4,9899,2022,6
"2636",2,9899,2022,7
"2637",0,9899,2022,8
"2638",0,9899,2022,9
"2639",0,9899,2022,10
"2640",0,9925,2010,4
"2641",NA,9925,2010,5
"2642",0,9925,2010,6
"2643",6,9925,2010,7
"2644",0,9925,2010,8
"2645",0,9925,2010,9
"2646",0,9925,2010,10
"2647",0,9925,2011,4
"2648",0,9925,2011,5
"2649",1,9925,2011,6
"2650",0,9925,2011,7
"2651",0,9925,2011,8
"2652",0,9925,2011,9
"2653",0,9925,2011,10
"2654",0,9925,2012,4
"2655",0,9925,2012,5
"2656",0,9925,2012,6
"2657",1,9925,2012,7
"2658",2,9925,2012,8
"2659",0,9925,2012,9
"2660",0,9925,2012,10
"2661",0,9925,2013,4
"2662",0,9925,2013,5
"2663",0,9925,2013,6
"2664",6,9925,2013,7
"2665",3,9925,2013,8
"2666",0,9925,2013,9
"2667",0,9925,2013,10
"2668",0,9925,2014,4
"2669",0,9925,2014,5
"2670",4,9925,2014,6
"2671",0,9925,2014,7
"2672",0,9925,2014,8
"2673",0,9925,2014,9
"2674",0,9925,2014,10
"2675",0,9925,2015,4
"2676",0,9925,2015,5
"2677",NA,9925,2015,6
"2678",NA,9925,2015,7
"2679",3,9925,2015,8
"2680",0,9925,2015,9
"2681",0,9925,2015,10
"2682",0,9925,2016,4
"2683",0,9925,2016,5
"2684",1,9925,2016,6
"2685",4,9925,2016,7
"2686",0,9925,2016,8
"2687",0,9925,2016,9
"2688",0,9925,2016,10
"2689",0,9925,2017,4
"2690",0,9925,2017,5
"2691",NA,9925,2017,6
"2692",4,9925,2017,7
"2693",1,9925,2017,8
"2694",0,9925,2017,9
"2695",0,9925,2017,10
"2696",0,9925,2018,4
"2697",0,9925,2018,5
"2698",0,9925,2018,6
"2699",6,9925,2018,7
"2700",2,9925,2018,8
"2701",0,9925,2018,9
"2702",0,9925,2018,10
"2703",0,9925,2019,4
"2704",0,9925,2019,5
"2705",2,9925,2019,6
"2706",3,9925,2019,7
"2707",0,9925,2019,8
"2708",0,9925,2019,9
"2709",0,9925,2019,10
"2710",0,9925,2020,4
"2711",0,9925,2020,5
"2712",0,9925,2020,6
"2713",5,9925,2020,7
"2714",0,9925,2020,8
"2715",0,9925,2020,9
"2716",0,9925,2020,10
"2717",0,9925,2021,4
"2718",0,9925,2021,5
"2719",0,9925,2021,6
"2720",0,9925,2021,7
"2721",0,9925,2021,8
"2722",0,9925,2021,9
"2723",0,9925,2021,10
"2724",0,9925,2022,4
"2725",0,9925,2022,5
"2726",3,9925,2022,6
"2727",3,9925,2022,7
"2728",0,9925,2022,8
"2729",0,9925,2022,9
"2730",0,9925,2022,10
"2731",0,9972,2010,4
"2732",2,9972,2010,5
"2733",8,9972,2010,6
"2734",20,9972,2010,7
"2735",2,9972,2010,8
"2736",0,9972,2010,9
"2737",0,9972,2010,10
"2738",0,9972,2011,4
"2739",2,9972,2011,5
"2740",4,9972,2011,6
"2741",2,9972,2011,7
"2742",9,9972,2011,8
"2743",3,9972,2011,9
"2744",1,9972,2011,10
"2745",0,9972,2012,4
"2746",1,9972,2012,5
"2747",6,9972,2012,6
"2748",9,9972,2012,7
"2749",8,9972,2012,8
"2750",3,9972,2012,9
"2751",0,9972,2012,10
"2752",0,9972,2013,4
"2753",0,9972,2013,5
"2754",6,9972,2013,6
"2755",13,9972,2013,7
"2756",10,9972,2013,8
"2757",2,9972,2013,9
"2758",0,9972,2013,10
"2759",NA,9972,2014,4
"2760",0,9972,2014,5
"2761",5,9972,2014,6
"2762",2,9972,2014,7
"2763",0,9972,2014,8
"2764",0,9972,2014,9
"2765",0,9972,2014,10
"2766",0,9972,2015,4
"2767",1,9972,2015,5
"2768",8,9972,2015,6
"2769",19,9972,2015,7
"2770",3,9972,2015,8
"2771",0,9972,2015,9
"2772",0,9972,2015,10
"2773",0,9972,2016,4
"2774",0,9972,2016,5
"2775",3,9972,2016,6
"2776",6,9972,2016,7
"2777",0,9972,2016,8
"2778",1,9972,2016,9
"2779",0,9972,2016,10
"2780",0,9972,2017,4
"2781",2,9972,2017,5
"2782",7,9972,2017,6
"2783",8,9972,2017,7
"2784",4,9972,2017,8
"2785",0,9972,2017,9
"2786",0,9972,2017,10
"2787",0,9972,2018,4
"2788",0,9972,2018,5
"2789",3,9972,2018,6
"2790",8,9972,2018,7
"2791",6,9972,2018,8
"2792",0,9972,2018,9
"2793",0,9972,2018,10
"2794",0,9972,2019,4
"2795",0,9972,2019,5
"2796",12,9972,2019,6
"2797",14,9972,2019,7
"2798",0,9972,2019,8
"2799",0,9972,2019,9
"2800",0,9972,2019,10
"2801",0,9972,2020,4
"2802",0,9972,2020,5
"2803",0,9972,2020,6
"2804",7,9972,2020,7
"2805",4,9972,2020,8
"2806",0,9972,2020,9
"2807",0,9972,2020,10
"2808",0,9972,2021,4
"2809",0,9972,2021,5
"2810",2,9972,2021,6
"2811",4,9972,2021,7
"2812",0,9972,2021,8
"2813",1,9972,2021,9
"2814",0,9972,2021,10
"2815",0,9972,2022,4
"2816",1,9972,2022,5
"2817",1,9972,2022,6
"2818",10,9972,2022,7
"2819",5,9972,2022,8
"2820",0,9972,2022,9
"2821",0,9972,2022,10
"2822",0,9991,2010,4
"2823",0,9991,2010,5
"2824",5,9991,2010,6
"2825",10,9991,2010,7
"2826",2,9991,2010,8
"2827",0,9991,2010,9
"2828",NA,9991,2010,10
"2829",0,9991,2011,4
"2830",5,9991,2011,5
"2831",5,9991,2011,6
"2832",4,9991,2011,7
"2833",9,9991,2011,8
"2834",4,9991,2011,9
"2835",NA,9991,2011,10
"2836",0,9991,2012,4
"2837",0,9991,2012,5
"2838",2,9991,2012,6
"2839",10,9991,2012,7
"2840",5,9991,2012,8
"2841",NA,9991,2012,9
"2842",0,9991,2012,10
"2843",0,9991,2013,4
"2844",0,9991,2013,5
"2845",NA,9991,2013,6
"2846",NA,9991,2013,7
"2847",NA,9991,2013,8
"2848",2,9991,2013,9
"2849",0,9991,2013,10
"2850",0,9991,2014,4
"2851",0,9991,2014,5
"2852",8,9991,2014,6
"2853",5,9991,2014,7
"2854",0,9991,2014,8
"2855",0,9991,2014,9
"2856",0,9991,2014,10
"2857",0,9991,2015,4
"2858",2,9991,2015,5
"2859",12,9991,2015,6
"2860",21,9991,2015,7
"2861",14,9991,2015,8
"2862",1,9991,2015,9
"2863",0,9991,2015,10
"2864",0,9991,2016,4
"2865",0,9991,2016,5
"2866",4,9991,2016,6
"2867",7,9991,2016,7
"2868",0,9991,2016,8
"2869",3,9991,2016,9
"2870",0,9991,2016,10
"2871",0,9991,2017,4
"2872",3,9991,2017,5
"2873",10,9991,2017,6
"2874",8,9991,2017,7
"2875",7,9991,2017,8
"2876",0,9991,2017,9
"2877",0,9991,2017,10
"2878",0,9991,2018,4
"2879",0,9991,2018,5
"2880",0,9991,2018,6
"2881",7,9991,2018,7
"2882",1,9991,2018,8
"2883",0,9991,2018,9
"2884",0,9991,2018,10
"2885",0,9991,2019,4
"2886",0,9991,2019,5
"2887",10,9991,2019,6
"2888",13,9991,2019,7
"2889",2,9991,2019,8
"2890",0,9991,2019,9
"2891",0,9991,2019,10
"2892",0,9991,2020,4
"2893",0,9991,2020,5
"2894",1,9991,2020,6
"2895",10,9991,2020,7
"2896",2,9991,2020,8
"2897",0,9991,2020,9
"2898",0,9991,2020,10
"2899",0,9991,2021,4
"2900",0,9991,2021,5
"2901",2,9991,2021,6
"2902",4,9991,2021,7
"2903",1,9991,2021,8
"2904",1,9991,2021,9
"2905",0,9991,2021,10
"2906",0,9991,2022,4
"2907",1,9991,2022,5
"2908",3,9991,2022,6
"2909",11,9991,2022,7
"2910",4,9991,2022,8
"2911",0,9991,2022,9
"2912",0,9991,2022,10
"2913",0,9997,2010,4
"2914",0,9997,2010,5
"2915",4,9997,2010,6
"2916",0,9997,2010,7
"2917",0,9997,2010,8
"2918",0,9997,2010,9
"2919",0,9997,2010,10
"2920",NA,9997,2011,4
"2921",1,9997,2011,5
"2922",0,9997,2011,6
"2923",0,9997,2011,7
"2924",0,9997,2011,8
"2925",0,9997,2011,9
"2926",0,9997,2011,10
"2927",0,9997,2012,4
"2928",1,9997,2012,5
"2929",2,9997,2012,6
"2930",0,9997,2012,7
"2931",0,9997,2012,8
"2932",0,9997,2012,9
"2933",0,9997,2012,10
"2934",NA,9997,2013,4
"2935",0,9997,2013,5
"2936",1,9997,2013,6
"2937",3,9997,2013,7
"2938",0,9997,2013,8
"2939",0,9997,2013,9
"2940",0,9997,2013,10
"2941",NA,9997,2014,4
"2942",0,9997,2014,5
"2943",4,9997,2014,6
"2944",NA,9997,2014,7
"2945",0,9997,2014,8
"2946",0,9997,2014,9
"2947",0,9997,2014,10
"2948",0,9997,2015,4
"2949",1,9997,2015,5
"2950",1,9997,2015,6
"2951",3,9997,2015,7
"2952",1,9997,2015,8
"2953",0,9997,2015,9
"2954",0,9997,2015,10
"2955",0,9997,2016,4
"2956",0,9997,2016,5
"2957",2,9997,2016,6
"2958",0,9997,2016,7
"2959",0,9997,2016,8
"2960",0,9997,2016,9
"2961",0,9997,2016,10
"2962",0,9997,2017,4
"2963",2,9997,2017,5
"2964",0,9997,2017,6
"2965",0,9997,2017,7
"2966",3,9997,2017,8
"2967",0,9997,2017,9
"2968",0,9997,2017,10
"2969",0,9997,2018,4
"2970",0,9997,2018,5
"2971",0,9997,2018,6
"2972",1,9997,2018,7
"2973",0,9997,2018,8
"2974",0,9997,2018,9
"2975",0,9997,2018,10
"2976",0,9997,2019,4
"2977",NA,9997,2019,5
"2978",4,9997,2019,6
"2979",NA,9997,2019,7
"2980",0,9997,2019,8
"2981",0,9997,2019,9
"2982",0,9997,2019,10
"2983",0,9997,2020,4
"2984",0,9997,2020,5
"2985",0,9997,2020,6
"2986",0,9997,2020,7
"2987",0,9997,2020,8
"2988",0,9997,2020,9
"2989",NA,9997,2020,10
"2990",0,9997,2021,4
"2991",0,9997,2021,5
"2992",0,9997,2021,6
"2993",0,9997,2021,7
"2994",0,9997,2021,8
"2995",0,9997,2021,9
"2996",0,9997,2021,10
"2997",NA,9997,2022,4
"2998",0,9997,2022,5
"2999",0,9997,2022,6
"3000",0,9997,2022,7
"3001",0,9997,2022,8
"3002",0,9997,2022,9
"3003",0,9997,2022,10
"3004",0,10025,2010,4
"3005",0,10025,2010,5
"3006",7,10025,2010,6
"3007",16,10025,2010,7
"3008",3,10025,2010,8
"3009",0,10025,2010,9
"3010",0,10025,2010,10
"3011",0,10025,2011,4
"3012",0,10025,2011,5
"3013",0,10025,2011,6
"3014",0,10025,2011,7
"3015",0,10025,2011,8
"3016",0,10025,2011,9
"3017",0,10025,2011,10
"3018",0,10025,2012,4
"3019",0,10025,2012,5
"3020",0,10025,2012,6
"3021",4,10025,2012,7
"3022",9,10025,2012,8
"3023",1,10025,2012,9
"3024",0,10025,2012,10
"3025",0,10025,2013,4
"3026",0,10025,2013,5
"3027",0,10025,2013,6
"3028",11,10025,2013,7
"3029",5,10025,2013,8
"3030",1,10025,2013,9
"3031",NA,10025,2013,10
"3032",0,10025,2014,4
"3033",0,10025,2014,5
"3034",8,10025,2014,6
"3035",NA,10025,2014,7
"3036",0,10025,2014,8
"3037",0,10025,2014,9
"3038",0,10025,2014,10
"3039",0,10025,2015,4
"3040",1,10025,2015,5
"3041",8,10025,2015,6
"3042",18,10025,2015,7
"3043",11,10025,2015,8
"3044",0,10025,2015,9
"3045",0,10025,2015,10
"3046",0,10025,2016,4
"3047",0,10025,2016,5
"3048",3,10025,2016,6
"3049",8,10025,2016,7
"3050",4,10025,2016,8
"3051",5,10025,2016,9
"3052",0,10025,2016,10
"3053",0,10025,2017,4
"3054",3,10025,2017,5
"3055",11,10025,2017,6
"3056",8,10025,2017,7
"3057",12,10025,2017,8
"3058",0,10025,2017,9
"3059",0,10025,2017,10
"3060",0,10025,2018,4
"3061",0,10025,2018,5
"3062",3,10025,2018,6
"3063",8,10025,2018,7
"3064",5,10025,2018,8
"3065",2,10025,2018,9
"3066",0,10025,2018,10
"3067",0,10025,2019,4
"3068",0,10025,2019,5
"3069",7,10025,2019,6
"3070",10,10025,2019,7
"3071",0,10025,2019,8
"3072",0,10025,2019,9
"3073",0,10025,2019,10
"3074",0,10025,2020,4
"3075",0,10025,2020,5
"3076",2,10025,2020,6
"3077",10,10025,2020,7
"3078",2,10025,2020,8
"3079",2,10025,2020,9
"3080",0,10025,2020,10
"3081",0,10025,2021,4
"3082",0,10025,2021,5
"3083",2,10025,2021,6
"3084",0,10025,2021,7
"3085",2,10025,2021,8
"3086",NA,10025,2021,9
"3087",0,10025,2021,10
"3088",0,10025,2022,4
"3089",0,10025,2022,5
"3090",5,10025,2022,6
"3091",6,10025,2022,7
"3092",3,10025,2022,8
"3093",0,10025,2022,9
"3094",0,10025,2022,10
"3095",0,10041,2010,4
"3096",0,10041,2010,5
"3097",7,10041,2010,6
"3098",13,10041,2010,7
"3099",1,10041,2010,8
"3100",0,10041,2010,9
"3101",0,10041,2010,10
"3102",0,10041,2011,4
"3103",2,10041,2011,5
"3104",3,10041,2011,6
"3105",0,10041,2011,7
"3106",1,10041,2011,8
"3107",0,10041,2011,9
"3108",0,10041,2011,10
"3109",0,10041,2012,4
"3110",1,10041,2012,5
"3111",2,10041,2012,6
"3112",0,10041,2012,7
"3113",3,10041,2012,8
"3114",0,10041,2012,9
"3115",0,10041,2012,10
"3116",0,10041,2013,4
"3117",0,10041,2013,5
"3118",2,10041,2013,6
"3119",7,10041,2013,7
"3120",4,10041,2013,8
"3121",1,10041,2013,9
"3122",0,10041,2013,10
"3123",0,10041,2014,4
"3124",0,10041,2014,5
"3125",5,10041,2014,6
"3126",2,10041,2014,7
"3127",0,10041,2014,8
"3128",0,10041,2014,9
"3129",0,10041,2014,10
"3130",0,10041,2015,4
"3131",2,10041,2015,5
"3132",7,10041,2015,6
"3133",20,10041,2015,7
"3134",6,10041,2015,8
"3135",0,10041,2015,9
"3136",0,10041,2015,10
"3137",0,10041,2016,4
"3138",NA,10041,2016,5
"3139",5,10041,2016,6
"3140",8,10041,2016,7
"3141",3,10041,2016,8
"3142",3,10041,2016,9
"3143",0,10041,2016,10
"3144",0,10041,2017,4
"3145",1,10041,2017,5
"3146",7,10041,2017,6
"3147",8,10041,2017,7
"3148",9,10041,2017,8
"3149",0,10041,2017,9
"3150",0,10041,2017,10
"3151",0,10041,2018,4
"3152",0,10041,2018,5
"3153",1,10041,2018,6
"3154",5,10041,2018,7
"3155",6,10041,2018,8
"3156",2,10041,2018,9
"3157",0,10041,2018,10
"3158",0,10041,2019,4
"3159",0,10041,2019,5
"3160",9,10041,2019,6
"3161",8,10041,2019,7
"3162",0,10041,2019,8
"3163",2,10041,2019,9
"3164",0,10041,2019,10
"3165",0,10041,2020,4
"3166",0,10041,2020,5
"3167",0,10041,2020,6
"3168",3,10041,2020,7
"3169",1,10041,2020,8
"3170",0,10041,2020,9
"3171",0,10041,2020,10
"3172",0,10041,2021,4
"3173",0,10041,2021,5
"3174",0,10041,2021,6
"3175",0,10041,2021,7
"3176",1,10041,2021,8
"3177",0,10041,2021,9
"3178",0,10041,2021,10
"3179",0,10041,2022,4
"3180",0,10041,2022,5
"3181",6,10041,2022,6
"3182",11,10041,2022,7
"3183",4,10041,2022,8
"3184",0,10041,2022,9
"3185",0,10041,2022,10
"3186",0,10081,2010,4
"3187",0,10081,2010,5
"3188",0,10081,2010,6
"3189",12,10081,2010,7
"3190",NA,10081,2010,8
"3191",0,10081,2010,9
"3192",0,10081,2010,10
"3193",0,10081,2011,4
"3194",2,10081,2011,5
"3195",1,10081,2011,6
"3196",0,10081,2011,7
"3197",3,10081,2011,8
"3198",0,10081,2011,9
"3199",0,10081,2011,10
"3200",1,10081,2012,4
"3201",2,10081,2012,5
"3202",6,10081,2012,6
"3203",3,10081,2012,7
"3204",6,10081,2012,8
"3205",0,10081,2012,9
"3206",0,10081,2012,10
"3207",0,10081,2013,4
"3208",0,10081,2013,5
"3209",NA,10081,2013,6
"3210",12,10081,2013,7
"3211",6,10081,2013,8
"3212",0,10081,2013,9
"3213",0,10081,2013,10
"3214",0,10081,2014,4
"3215",0,10081,2014,5
"3216",7,10081,2014,6
"3217",0,10081,2014,7
"3218",NA,10081,2014,8
"3219",0,10081,2014,9
"3220",0,10081,2014,10
"3221",0,10081,2015,4
"3222",0,10081,2015,5
"3223",7,10081,2015,6
"3224",12,10081,2015,7
"3225",1,10081,2015,8
"3226",0,10081,2015,9
"3227",0,10081,2015,10
"3228",0,10081,2016,4
"3229",0,10081,2016,5
"3230",0,10081,2016,6
"3231",2,10081,2016,7
"3232",0,10081,2016,8
"3233",0,10081,2016,9
"3234",0,10081,2016,10
"3235",0,10081,2017,4
"3236",0,10081,2017,5
"3237",9,10081,2017,6
"3238",4,10081,2017,7
"3239",1,10081,2017,8
"3240",0,10081,2017,9
"3241",0,10081,2017,10
"3242",0,10081,2018,4
"3243",0,10081,2018,5
"3244",0,10081,2018,6
"3245",4,10081,2018,7
"3246",1,10081,2018,8
"3247",0,10081,2018,9
"3248",0,10081,2018,10
"3249",0,10081,2019,4
"3250",0,10081,2019,5
"3251",NA,10081,2019,6
"3252",8,10081,2019,7
"3253",0,10081,2019,8
"3254",0,10081,2019,9
"3255",0,10081,2019,10
"3256",0,10081,2020,4
"3257",0,10081,2020,5
"3258",0,10081,2020,6
"3259",1,10081,2020,7
"3260",0,10081,2020,8
"3261",0,10081,2020,9
"3262",0,10081,2020,10
"3263",0,10081,2021,4
"3264",0,10081,2021,5
"3265",NA,10081,2021,6
"3266",0,10081,2021,7
"3267",0,10081,2021,8
"3268",0,10081,2021,9
"3269",0,10081,2021,10
"3270",0,10081,2022,4
"3271",0,10081,2022,5
"3272",2,10081,2022,6
"3273",3,10081,2022,7
"3274",2,10081,2022,8
"3275",0,10081,2022,9
"3276",0,10081,2022,10
"3277",0,10171,2010,4
"3278",0,10171,2010,5
"3279",2,10171,2010,6
"3280",NA,10171,2010,7
"3281",NA,10171,2010,8
"3282",0,10171,2010,9
"3283",0,10171,2010,10
"3284",0,10171,2011,4
"3285",1,10171,2011,5
"3286",NA,10171,2011,6
"3287",NA,10171,2011,7
"3288",0,10171,2011,8
"3289",0,10171,2011,9
"3290",0,10171,2011,10
"3291",0,10171,2012,4
"3292",1,10171,2012,5
"3293",1,10171,2012,6
"3294",1,10171,2012,7
"3295",NA,10171,2012,8
"3296",0,10171,2012,9
"3297",0,10171,2012,10
"3298",0,10171,2013,4
"3299",0,10171,2013,5
"3300",0,10171,2013,6
"3301",NA,10171,2013,7
"3302",6,10171,2013,8
"3303",0,10171,2013,9
"3304",0,10171,2013,10
"3305",0,10171,2014,4
"3306",0,10171,2014,5
"3307",5,10171,2014,6
"3308",0,10171,2014,7
"3309",0,10171,2014,8
"3310",0,10171,2014,9
"3311",0,10171,2014,10
"3312",0,10171,2015,4
"3313",0,10171,2015,5
"3314",2,10171,2015,6
"3315",19,10171,2015,7
"3316",4,10171,2015,8
"3317",0,10171,2015,9
"3318",0,10171,2015,10
"3319",0,10171,2016,4
"3320",0,10171,2016,5
"3321",0,10171,2016,6
"3322",2,10171,2016,7
"3323",0,10171,2016,8
"3324",0,10171,2016,9
"3325",0,10171,2016,10
"3326",0,10171,2017,4
"3327",0,10171,2017,5
"3328",6,10171,2017,6
"3329",2,10171,2017,7
"3330",2,10171,2017,8
"3331",0,10171,2017,9
"3332",0,10171,2017,10
"3333",0,10171,2018,4
"3334",0,10171,2018,5
"3335",0,10171,2018,6
"3336",1,10171,2018,7
"3337",2,10171,2018,8
"3338",0,10171,2018,9
"3339",0,10171,2018,10
"3340",0,10171,2019,4
"3341",0,10171,2019,5
"3342",2,10171,2019,6
"3343",2,10171,2019,7
"3344",0,10171,2019,8
"3345",0,10171,2019,9
"3346",0,10171,2019,10
"3347",0,10171,2020,4
"3348",0,10171,2020,5
"3349",0,10171,2020,6
"3350",1,10171,2020,7
"3351",1,10171,2020,8
"3352",0,10171,2020,9
"3353",0,10171,2020,10
"3354",0,10171,2021,4
"3355",0,10171,2021,5
"3356",0,10171,2021,6
"3357",0,10171,2021,7
"3358",0,10171,2021,8
"3359",0,10171,2021,9
"3360",0,10171,2021,10
"3361",0,10171,2022,4
"3362",0,10171,2022,5
"3363",1,10171,2022,6
"3364",3,10171,2022,7
"3365",1,10171,2022,8
"3366",0,10171,2022,9
"3367",0,10171,2022,10
"3368",0,10270,2010,4
"3369",1,10270,2010,5
"3370",0,10270,2010,6
"3371",10,10270,2010,7
"3372",0,10270,2010,8
"3373",0,10270,2010,9
"3374",0,10270,2010,10
"3375",0,10270,2011,4
"3376",3,10270,2011,5
"3377",1,10270,2011,6
"3378",0,10270,2011,7
"3379",1,10270,2011,8
"3380",0,10270,2011,9
"3381",0,10270,2011,10
"3382",0,10270,2012,4
"3383",2,10270,2012,5
"3384",2,10270,2012,6
"3385",2,10270,2012,7
"3386",2,10270,2012,8
"3387",0,10270,2012,9
"3388",0,10270,2012,10
"3389",0,10270,2013,4
"3390",NA,10270,2013,5
"3391",NA,10270,2013,6
"3392",5,10270,2013,7
"3393",6,10270,2013,8
"3394",0,10270,2013,9
"3395",NA,10270,2013,10
"3396",0,10270,2014,4
"3397",0,10270,2014,5
"3398",5,10270,2014,6
"3399",0,10270,2014,7
"3400",0,10270,2014,8
"3401",0,10270,2014,9
"3402",0,10270,2014,10
"3403",0,10270,2015,4
"3404",0,10270,2015,5
"3405",3,10270,2015,6
"3406",14,10270,2015,7
"3407",7,10270,2015,8
"3408",0,10270,2015,9
"3409",0,10270,2015,10
"3410",0,10270,2016,4
"3411",0,10270,2016,5
"3412",1,10270,2016,6
"3413",2,10270,2016,7
"3414",0,10270,2016,8
"3415",0,10270,2016,9
"3416",0,10270,2016,10
"3417",0,10270,2017,4
"3418",1,10270,2017,5
"3419",8,10270,2017,6
"3420",NA,10270,2017,7
"3421",3,10270,2017,8
"3422",0,10270,2017,9
"3423",0,10270,2017,10
"3424",0,10270,2018,4
"3425",NA,10270,2018,5
"3426",1,10270,2018,6
"3427",NA,10270,2018,7
"3428",0,10270,2018,8
"3429",0,10270,2018,9
"3430",0,10270,2018,10
"3431",0,10270,2019,4
"3432",0,10270,2019,5
"3433",3,10270,2019,6
"3434",5,10270,2019,7
"3435",NA,10270,2019,8
"3436",0,10270,2019,9
"3437",0,10270,2019,10
"3438",0,10270,2020,4
"3439",0,10270,2020,5
"3440",0,10270,2020,6
"3441",NA,10270,2020,7
"3442",NA,10270,2020,8
"3443",0,10270,2020,9
"3444",0,10270,2020,10
"3445",0,10270,2021,4
"3446",0,10270,2021,5
"3447",1,10270,2021,6
"3448",0,10270,2021,7
"3449",0,10270,2021,8
"3450",0,10270,2021,9
"3451",0,10270,2021,10
"3452",0,10270,2022,4
"3453",3,10270,2022,5
"3454",4,10270,2022,6
"3455",10,10270,2022,7
"3456",2,10270,2022,8
"3457",NA,10270,2022,9
"3458",NA,10270,2022,10
"3459",0,10282,2010,4
"3460",0,10282,2010,5
"3461",4,10282,2010,6
"3462",11,10282,2010,7
"3463",0,10282,2010,8
"3464",0,10282,2010,9
"3465",0,10282,2010,10
"3466",0,10282,2011,4
"3467",1,10282,2011,5
"3468",1,10282,2011,6
"3469",0,10282,2011,7
"3470",1,10282,2011,8
"3471",0,10282,2011,9
"3472",0,10282,2011,10
"3473",0,10282,2012,4
"3474",0,10282,2012,5
"3475",2,10282,2012,6
"3476",2,10282,2012,7
"3477",1,10282,2012,8
"3478",NA,10282,2012,9
"3479",0,10282,2012,10
"3480",0,10282,2013,4
"3481",0,10282,2013,5
"3482",0,10282,2013,6
"3483",0,10282,2013,7
"3484",0,10282,2013,8
"3485",0,10282,2013,9
"3486",0,10282,2013,10
"3487",0,10282,2014,4
"3488",0,10282,2014,5
"3489",5,10282,2014,6
"3490",0,10282,2014,7
"3491",0,10282,2014,8
"3492",0,10282,2014,9
"3493",0,10282,2014,10
"3494",0,10282,2015,4
"3495",0,10282,2015,5
"3496",0,10282,2015,6
"3497",0,10282,2015,7
"3498",0,10282,2015,8
"3499",0,10282,2015,9
"3500",0,10282,2015,10
"3501",0,10282,2016,4
"3502",0,10282,2016,5
"3503",2,10282,2016,6
"3504",4,10282,2016,7
"3505",0,10282,2016,8
"3506",0,10282,2016,9
"3507",0,10282,2016,10
"3508",0,10282,2017,4
"3509",NA,10282,2017,5
"3510",5,10282,2017,6
"3511",0,10282,2017,7
"3512",1,10282,2017,8
"3513",0,10282,2017,9
"3514",0,10282,2017,10
"3515",0,10282,2018,4
"3516",0,10282,2018,5
"3517",0,10282,2018,6
"3518",1,10282,2018,7
"3519",1,10282,2018,8
"3520",0,10282,2018,9
"3521",0,10282,2018,10
"3522",0,10282,2019,4
"3523",0,10282,2019,5
"3524",4,10282,2019,6
"3525",3,10282,2019,7
"3526",0,10282,2019,8
"3527",0,10282,2019,9
"3528",0,10282,2019,10
"3529",0,10282,2020,4
"3530",0,10282,2020,5
"3531",0,10282,2020,6
"3532",0,10282,2020,7
"3533",0,10282,2020,8
"3534",0,10282,2020,9
"3535",0,10282,2020,10
"3536",0,10282,2021,4
"3537",0,10282,2021,5
"3538",0,10282,2021,6
"3539",0,10282,2021,7
"3540",1,10282,2021,8
"3541",0,10282,2021,9
"3542",0,10282,2021,10
"3543",0,10282,2022,4
"3544",0,10282,2022,5
"3545",0,10282,2022,6
"3546",0,10282,2022,7
"3547",0,10282,2022,8
"3548",0,10282,2022,9
"3549",0,10282,2022,10
"3550",0,10288,2010,4
"3551",2,10288,2010,5
"3552",6,10288,2010,6
"3553",17,10288,2010,7
"3554",4,10288,2010,8
"3555",0,10288,2010,9
"3556",0,10288,2010,10
"3557",0,10288,2011,4
"3558",2,10288,2011,5
"3559",4,10288,2011,6
"3560",1,10288,2011,7
"3561",12,10288,2011,8
"3562",3,10288,2011,9
"3563",1,10288,2011,10
"3564",0,10288,2012,4
"3565",0,10288,2012,5
"3566",4,10288,2012,6
"3567",12,10288,2012,7
"3568",10,10288,2012,8
"3569",4,10288,2012,9
"3570",0,10288,2012,10
"3571",0,10288,2013,4
"3572",0,10288,2013,5
"3573",5,10288,2013,6
"3574",14,10288,2013,7
"3575",11,10288,2013,8
"3576",2,10288,2013,9
"3577",0,10288,2013,10
"3578",0,10288,2014,4
"3579",0,10288,2014,5
"3580",7,10288,2014,6
"3581",3,10288,2014,7
"3582",0,10288,2014,8
"3583",0,10288,2014,9
"3584",0,10288,2014,10
"3585",0,10288,2015,4
"3586",1,10288,2015,5
"3587",6,10288,2015,6
"3588",20,10288,2015,7
"3589",10,10288,2015,8
"3590",0,10288,2015,9
"3591",0,10288,2015,10
"3592",0,10288,2016,4
"3593",0,10288,2016,5
"3594",5,10288,2016,6
"3595",9,10288,2016,7
"3596",2,10288,2016,8
"3597",3,10288,2016,9
"3598",0,10288,2016,10
"3599",0,10288,2017,4
"3600",3,10288,2017,5
"3601",10,10288,2017,6
"3602",7,10288,2017,7
"3603",8,10288,2017,8
"3604",0,10288,2017,9
"3605",0,10288,2017,10
"3606",0,10288,2018,4
"3607",NA,10288,2018,5
"3608",3,10288,2018,6
"3609",11,10288,2018,7
"3610",4,10288,2018,8
"3611",2,10288,2018,9
"3612",0,10288,2018,10
"3613",0,10288,2019,4
"3614",0,10288,2019,5
"3615",9,10288,2019,6
"3616",11,10288,2019,7
"3617",0,10288,2019,8
"3618",NA,10288,2019,9
"3619",0,10288,2019,10
"3620",0,10288,2020,4
"3621",0,10288,2020,5
"3622",0,10288,2020,6
"3623",8,10288,2020,7
"3624",3,10288,2020,8
"3625",0,10288,2020,9
"3626",0,10288,2020,10
"3627",0,10288,2021,4
"3628",0,10288,2021,5
"3629",2,10288,2021,6
"3630",5,10288,2021,7
"3631",0,10288,2021,8
"3632",0,10288,2021,9
"3633",0,10288,2021,10
"3634",0,10288,2022,4
"3635",3,10288,2022,5
"3636",2,10288,2022,6
"3637",9,10288,2022,7
"3638",5,10288,2022,8
"3639",0,10288,2022,9
"3640",0,10288,2022,10
"3641",0,10454,2010,4
"3642",0,10454,2010,5
"3643",3,10454,2010,6
"3644",12,10454,2010,7
"3645",0,10454,2010,8
"3646",0,10454,2010,9
"3647",0,10454,2010,10
"3648",0,10454,2011,4
"3649",0,10454,2011,5
"3650",NA,10454,2011,6
"3651",NA,10454,2011,7
"3652",0,10454,2011,8
"3653",0,10454,2011,9
"3654",0,10454,2011,10
"3655",NA,10454,2012,4
"3656",NA,10454,2012,5
"3657",3,10454,2012,6
"3658",0,10454,2012,7
"3659",0,10454,2012,8
"3660",0,10454,2012,9
"3661",0,10454,2012,10
"3662",0,10454,2013,4
"3663",NA,10454,2013,5
"3664",0,10454,2013,6
"3665",NA,10454,2013,7
"3666",2,10454,2013,8
"3667",0,10454,2013,9
"3668",0,10454,2013,10
"3669",0,10454,2014,4
"3670",0,10454,2014,5
"3671",6,10454,2014,6
"3672",1,10454,2014,7
"3673",0,10454,2014,8
"3674",0,10454,2014,9
"3675",0,10454,2014,10
"3676",0,10454,2015,4
"3677",0,10454,2015,5
"3678",5,10454,2015,6
"3679",8,10454,2015,7
"3680",3,10454,2015,8
"3681",0,10454,2015,9
"3682",0,10454,2015,10
"3683",0,10454,2016,4
"3684",0,10454,2016,5
"3685",1,10454,2016,6
"3686",4,10454,2016,7
"3687",0,10454,2016,8
"3688",0,10454,2016,9
"3689",0,10454,2016,10
"3690",0,10454,2017,4
"3691",0,10454,2017,5
"3692",4,10454,2017,6
"3693",1,10454,2017,7
"3694",2,10454,2017,8
"3695",0,10454,2017,9
"3696",NA,10454,2017,10
"3697",0,10454,2018,4
"3698",0,10454,2018,5
"3699",0,10454,2018,6
"3700",0,10454,2018,7
"3701",1,10454,2018,8
"3702",0,10454,2018,9
"3703",0,10454,2018,10
"3704",0,10454,2019,4
"3705",0,10454,2019,5
"3706",4,10454,2019,6
"3707",4,10454,2019,7
"3708",0,10454,2019,8
"3709",0,10454,2019,9
"3710",0,10454,2019,10
"3711",0,10454,2020,4
"3712",0,10454,2020,5
"3713",0,10454,2020,6
"3714",3,10454,2020,7
"3715",1,10454,2020,8
"3716",0,10454,2020,9
"3717",0,10454,2020,10
"3718",0,10454,2021,4
"3719",0,10454,2021,5
"3720",0,10454,2021,6
"3721",0,10454,2021,7
"3722",0,10454,2021,8
"3723",0,10454,2021,9
"3724",0,10454,2021,10
"3725",0,10454,2022,4
"3726",0,10454,2022,5
"3727",NA,10454,2022,6
"3728",9,10454,2022,7
"3729",0,10454,2022,8
"3730",0,10454,2022,9
"3731",0,10454,2022,10
"3732",0,10437,2010,4
"3733",0,10437,2010,5
"3734",3,10437,2010,6
"3735",8,10437,2010,7
"3736",0,10437,2010,8
"3737",0,10437,2010,9
"3738",0,10437,2010,10
"3739",0,10437,2011,4
"3740",0,10437,2011,5
"3741",1,10437,2011,6
"3742",0,10437,2011,7
"3743",0,10437,2011,8
"3744",0,10437,2011,9
"3745",0,10437,2011,10
"3746",0,10437,2012,4
"3747",0,10437,2012,5
"3748",NA,10437,2012,6
"3749",1,10437,2012,7
"3750",0,10437,2012,8
"3751",NA,10437,2012,9
"3752",0,10437,2012,10
"3753",0,10437,2013,4
"3754",0,10437,2013,5
"3755",0,10437,2013,6
"3756",0,10437,2013,7
"3757",0,10437,2013,8
"3758",0,10437,2013,9
"3759",0,10437,2013,10
"3760",0,10437,2014,4
"3761",NA,10437,2014,5
"3762",0,10437,2014,6
"3763",0,10437,2014,7
"3764",0,10437,2014,8
"3765",0,10437,2014,9
"3766",0,10437,2014,10
"3767",0,10437,2015,4
"3768",0,10437,2015,5
"3769",0,10437,2015,6
"3770",0,10437,2015,7
"3771",0,10437,2015,8
"3772",NA,10437,2015,9
"3773",0,10437,2015,10
"3774",0,10437,2016,4
"3775",0,10437,2016,5
"3776",0,10437,2016,6
"3777",NA,10437,2016,7
"3778",0,10437,2016,8
"3779",0,10437,2016,9
"3780",0,10437,2016,10
"3781",0,10437,2017,4
"3782",1,10437,2017,5
"3783",6,10437,2017,6
"3784",1,10437,2017,7
"3785",0,10437,2017,8
"3786",0,10437,2017,9
"3787",0,10437,2017,10
"3788",0,10437,2018,4
"3789",0,10437,2018,5
"3790",0,10437,2018,6
"3791",0,10437,2018,7
"3792",0,10437,2018,8
"3793",0,10437,2018,9
"3794",0,10437,2018,10
"3795",0,10437,2019,4
"3796",0,10437,2019,5
"3797",1,10437,2019,6
"3798",0,10437,2019,7
"3799",0,10437,2019,8
"3800",0,10437,2019,9
"3801",0,10437,2019,10
"3802",0,10437,2020,4
"3803",0,10437,2020,5
"3804",0,10437,2020,6
"3805",1,10437,2020,7
"3806",0,10437,2020,8
"3807",0,10437,2020,9
"3808",0,10437,2020,10
"3809",0,10437,2021,4
"3810",0,10437,2021,5
"3811",0,10437,2021,6
"3812",0,10437,2021,7
"3813",0,10437,2021,8
"3814",0,10437,2021,9
"3815",0,10437,2021,10
"3816",0,10437,2022,4
"3817",0,10437,2022,5
"3818",0,10437,2022,6
"3819",3,10437,2022,7
"3820",0,10437,2022,8
"3821",0,10437,2022,9
"3822",0,10437,2022,10
"3823",NA,10463,2010,4
"3824",0,10463,2010,5
"3825",3,10463,2010,6
"3826",5,10463,2010,7
"3827",NA,10463,2010,8
"3828",NA,10463,2010,9
"3829",0,10463,2010,10
"3830",0,10463,2011,4
"3831",3,10463,2011,5
"3832",1,10463,2011,6
"3833",0,10463,2011,7
"3834",0,10463,2011,8
"3835",NA,10463,2011,9
"3836",0,10463,2011,10
"3837",0,10463,2012,4
"3838",0,10463,2012,5
"3839",0,10463,2012,6
"3840",3,10463,2012,7
"3841",2,10463,2012,8
"3842",0,10463,2012,9
"3843",0,10463,2012,10
"3844",0,10463,2013,4
"3845",0,10463,2013,5
"3846",0,10463,2013,6
"3847",5,10463,2013,7
"3848",2,10463,2013,8
"3849",0,10463,2013,9
"3850",0,10463,2013,10
"3851",0,10463,2014,4
"3852",0,10463,2014,5
"3853",4,10463,2014,6
"3854",0,10463,2014,7
"3855",0,10463,2014,8
"3856",0,10463,2014,9
"3857",0,10463,2014,10
"3858",0,10463,2015,4
"3859",0,10463,2015,5
"3860",5,10463,2015,6
"3861",9,10463,2015,7
"3862",2,10463,2015,8
"3863",0,10463,2015,9
"3864",0,10463,2015,10
"3865",0,10463,2016,4
"3866",0,10463,2016,5
"3867",1,10463,2016,6
"3868",2,10463,2016,7
"3869",0,10463,2016,8
"3870",0,10463,2016,9
"3871",0,10463,2016,10
"3872",0,10463,2017,4
"3873",3,10463,2017,5
"3874",5,10463,2017,6
"3875",4,10463,2017,7
"3876",1,10463,2017,8
"3877",0,10463,2017,9
"3878",0,10463,2017,10
"3879",0,10463,2018,4
"3880",0,10463,2018,5
"3881",1,10463,2018,6
"3882",3,10463,2018,7
"3883",1,10463,2018,8
"3884",0,10463,2018,9
"3885",0,10463,2018,10
"3886",0,10463,2019,4
"3887",0,10463,2019,5
"3888",4,10463,2019,6
"3889",8,10463,2019,7
"3890",0,10463,2019,8
"3891",0,10463,2019,9
"3892",0,10463,2019,10
"3893",0,10463,2020,4
"3894",0,10463,2020,5
"3895",0,10463,2020,6
"3896",2,10463,2020,7
"3897",1,10463,2020,8
"3898",0,10463,2020,9
"3899",0,10463,2020,10
"3900",0,10463,2021,4
"3901",0,10463,2021,5
"3902",0,10463,2021,6
"3903",0,10463,2021,7
"3904",1,10463,2021,8
"3905",0,10463,2021,9
"3906",0,10463,2021,10
"3907",0,10463,2022,4
"3908",0,10463,2022,5
"3909",3,10463,2022,6
"3910",0,10463,2022,7
"3911",0,10463,2022,8
"3912",0,10463,2022,9
"3913",0,10463,2022,10
"3914",NA,10584,2010,4
"3915",NA,10584,2010,5
"3916",NA,10584,2010,6
"3917",NA,10584,2010,7
"3918",NA,10584,2010,8
"3919",0,10584,2010,9
"3920",0,10584,2010,10
"3921",1,10584,2011,4
"3922",3,10584,2011,5
"3923",5,10584,2011,6
"3924",2,10584,2011,7
"3925",5,10584,2011,8
"3926",0,10584,2011,9
"3927",0,10584,2011,10
"3928",0,10584,2012,4
"3929",1,10584,2012,5
"3930",NA,10584,2012,6
"3931",12,10584,2012,7
"3932",12,10584,2012,8
"3933",2,10584,2012,9
"3934",0,10584,2012,10
"3935",0,10584,2013,4
"3936",0,10584,2013,5
"3937",0,10584,2013,6
"3938",7,10584,2013,7
"3939",6,10584,2013,8
"3940",2,10584,2013,9
"3941",0,10584,2013,10
"3942",0,10584,2014,4
"3943",0,10584,2014,5
"3944",4,10584,2014,6
"3945",3,10584,2014,7
"3946",0,10584,2014,8
"3947",0,10584,2014,9
"3948",0,10584,2014,10
"3949",NA,10584,2015,4
"3950",0,10584,2015,5
"3951",6,10584,2015,6
"3952",18,10584,2015,7
"3953",3,10584,2015,8
"3954",0,10584,2015,9
"3955",0,10584,2015,10
"3956",NA,10584,2016,4
"3957",0,10584,2016,5
"3958",3,10584,2016,6
"3959",NA,10584,2016,7
"3960",1,10584,2016,8
"3961",1,10584,2016,9
"3962",NA,10584,2016,10
"3963",0,10584,2017,4
"3964",4,10584,2017,5
"3965",9,10584,2017,6
"3966",NA,10584,2017,7
"3967",5,10584,2017,8
"3968",0,10584,2017,9
"3969",0,10584,2017,10
"3970",0,10584,2018,4
"3971",0,10584,2018,5
"3972",3,10584,2018,6
"3973",10,10584,2018,7
"3974",1,10584,2018,8
"3975",0,10584,2018,9
"3976",0,10584,2018,10
"3977",0,10584,2019,4
"3978",0,10584,2019,5
"3979",4,10584,2019,6
"3980",10,10584,2019,7
"3981",0,10584,2019,8
"3982",NA,10584,2019,9
"3983",0,10584,2019,10
"3984",0,10584,2020,4
"3985",NA,10584,2020,5
"3986",0,10584,2020,6
"3987",6,10584,2020,7
"3988",0,10584,2020,8
"3989",0,10584,2020,9
"3990",0,10584,2020,10
"3991",0,10584,2021,4
"3992",0,10584,2021,5
"3993",1,10584,2021,6
"3994",3,10584,2021,7
"3995",0,10584,2021,8
"3996",0,10584,2021,9
"3997",0,10584,2021,10
"3998",1,10584,2022,4
"3999",3,10584,2022,5
"4000",1,10584,2022,6
"4001",13,10584,2022,7
"4002",6,10584,2022,8
"4003",0,10584,2022,9
"4004",0,10584,2022,10
"4005",NA,12020,2010,4
"4006",NA,12020,2010,5
"4007",NA,12020,2010,6
"4008",NA,12020,2010,7
"4009",NA,12020,2010,8
"4010",NA,12020,2010,9
"4011",NA,12020,2010,10
"4012",NA,12020,2011,4
"4013",1,12020,2011,5
"4014",NA,12020,2011,6
"4015",0,12020,2011,7
"4016",0,12020,2011,8
"4017",0,12020,2011,9
"4018",0,12020,2011,10
"4019",0,12020,2012,4
"4020",0,12020,2012,5
"4021",0,12020,2012,6
"4022",2,12020,2012,7
"4023",2,12020,2012,8
"4024",0,12020,2012,9
"4025",0,12020,2012,10
"4026",0,12020,2013,4
"4027",0,12020,2013,5
"4028",0,12020,2013,6
"4029",14,12020,2013,7
"4030",4,12020,2013,8
"4031",0,12020,2013,9
"4032",0,12020,2013,10
"4033",0,12020,2014,4
"4034",0,12020,2014,5
"4035",5,12020,2014,6
"4036",2,12020,2014,7
"4037",0,12020,2014,8
"4038",0,12020,2014,9
"4039",0,12020,2014,10
"4040",0,12020,2015,4
"4041",0,12020,2015,5
"4042",2,12020,2015,6
"4043",15,12020,2015,7
"4044",3,12020,2015,8
"4045",0,12020,2015,9
"4046",0,12020,2015,10
"4047",0,12020,2016,4
"4048",0,12020,2016,5
"4049",1,12020,2016,6
"4050",3,12020,2016,7
"4051",0,12020,2016,8
"4052",0,12020,2016,9
"4053",0,12020,2016,10
"4054",0,12020,2017,4
"4055",0,12020,2017,5
"4056",9,12020,2017,6
"4057",2,12020,2017,7
"4058",0,12020,2017,8
"4059",0,12020,2017,9
"4060",0,12020,2017,10
"4061",0,12020,2018,4
"4062",0,12020,2018,5
"4063",0,12020,2018,6
"4064",4,12020,2018,7
"4065",1,12020,2018,8
"4066",0,12020,2018,9
"4067",0,12020,2018,10
"4068",0,12020,2019,4
"4069",0,12020,2019,5
"4070",3,12020,2019,6
"4071",6,12020,2019,7
"4072",0,12020,2019,8
"4073",0,12020,2019,9
"4074",0,12020,2019,10
"4075",0,12020,2020,4
"4076",NA,12020,2020,5
"4077",0,12020,2020,6
"4078",0,12020,2020,7
"4079",0,12020,2020,8
"4080",0,12020,2020,9
"4081",0,12020,2020,10
"4082",0,12020,2021,4
"4083",0,12020,2021,5
"4084",1,12020,2021,6
"4085",0,12020,2021,7
"4086",0,12020,2021,8
"4087",0,12020,2021,9
"4088",0,12020,2021,10
"4089",0,12020,2022,4
"4090",0,12020,2022,5
"4091",3,12020,2022,6
"4092",0,12020,2022,7
"4093",0,12020,2022,8
"4094",0,12020,2022,9
"4095",0,12020,2022,10
"4096",NA,17288,2010,4
"4097",NA,17288,2010,5
"4098",NA,17288,2010,6
"4099",NA,17288,2010,7
"4100",NA,17288,2010,8
"4101",NA,17288,2010,9
"4102",NA,17288,2010,10
"4103",NA,17288,2011,4
"4104",NA,17288,2011,5
"4105",NA,17288,2011,6
"4106",NA,17288,2011,7
"4107",NA,17288,2011,8
"4108",NA,17288,2011,9
"4109",NA,17288,2011,10
"4110",NA,17288,2012,4
"4111",NA,17288,2012,5
"4112",NA,17288,2012,6
"4113",NA,17288,2012,7
"4114",NA,17288,2012,8
"4115",NA,17288,2012,9
"4116",NA,17288,2012,10
"4117",0,17288,2013,4
"4118",0,17288,2013,5
"4119",2,17288,2013,6
"4120",10,17288,2013,7
"4121",6,17288,2013,8
"4122",0,17288,2013,9
"4123",NA,17288,2013,10
"4124",0,17288,2014,4
"4125",0,17288,2014,5
"4126",7,17288,2014,6
"4127",3,17288,2014,7
"4128",0,17288,2014,8
"4129",0,17288,2014,9
"4130",0,17288,2014,10
"4131",0,17288,2015,4
"4132",NA,17288,2015,5
"4133",NA,17288,2015,6
"4134",18,17288,2015,7
"4135",NA,17288,2015,8
"4136",NA,17288,2015,9
"4137",NA,17288,2015,10
"4138",0,17288,2016,4
"4139",0,17288,2016,5
"4140",3,17288,2016,6
"4141",4,17288,2016,7
"4142",NA,17288,2016,8
"4143",5,17288,2016,9
"4144",0,17288,2016,10
"4145",0,17288,2017,4
"4146",1,17288,2017,5
"4147",9,17288,2017,6
"4148",4,17288,2017,7
"4149",9,17288,2017,8
"4150",0,17288,2017,9
"4151",0,17288,2017,10
"4152",0,17288,2018,4
"4153",NA,17288,2018,5
"4154",2,17288,2018,6
"4155",3,17288,2018,7
"4156",6,17288,2018,8
"4157",1,17288,2018,9
"4158",0,17288,2018,10
"4159",0,17288,2019,4
"4160",0,17288,2019,5
"4161",NA,17288,2019,6
"4162",5,17288,2019,7
"4163",0,17288,2019,8
"4164",0,17288,2019,9
"4165",0,17288,2019,10
"4166",0,17288,2020,4
"4167",0,17288,2020,5
"4168",0,17288,2020,6
"4169",5,17288,2020,7
"4170",1,17288,2020,8
"4171",0,17288,2020,9
"4172",0,17288,2020,10
"4173",0,17288,2021,4
"4174",0,17288,2021,5
"4175",2,17288,2021,6
"4176",2,17288,2021,7
"4177",5,17288,2021,8
"4178",2,17288,2021,9
"4179",0,17288,2021,10
"4180",0,17288,2022,4
"4181",1,17288,2022,5
"4182",5,17288,2022,6
"4183",10,17288,2022,7
"4184",4,17288,2022,8
"4185",0,17288,2022,9
"4186",0,17288,2022,10
"4187",NA,17295,2010,4
"4188",NA,17295,2010,5
"4189",NA,17295,2010,6
"4190",NA,17295,2010,7
"4191",NA,17295,2010,8
"4192",NA,17295,2010,9
"4193",NA,17295,2010,10
"4194",NA,17295,2011,4
"4195",NA,17295,2011,5
"4196",NA,17295,2011,6
"4197",NA,17295,2011,7
"4198",NA,17295,2011,8
"4199",NA,17295,2011,9
"4200",NA,17295,2011,10
"4201",NA,17295,2012,4
"4202",NA,17295,2012,5
"4203",NA,17295,2012,6
"4204",NA,17295,2012,7
"4205",NA,17295,2012,8
"4206",NA,17295,2012,9
"4207",NA,17295,2012,10
"4208",0,17295,2013,4
"4209",0,17295,2013,5
"4210",3,17295,2013,6
"4211",8,17295,2013,7
"4212",8,17295,2013,8
"4213",1,17295,2013,9
"4214",0,17295,2013,10
"4215",0,17295,2014,4
"4216",0,17295,2014,5
"4217",6,17295,2014,6
"4218",NA,17295,2014,7
"4219",NA,17295,2014,8
"4220",0,17295,2014,9
"4221",0,17295,2014,10
"4222",0,17295,2015,4
"4223",1,17295,2015,5
"4224",3,17295,2015,6
"4225",NA,17295,2015,7
"4226",7,17295,2015,8
"4227",0,17295,2015,9
"4228",0,17295,2015,10
"4229",0,17295,2016,4
"4230",0,17295,2016,5
"4231",3,17295,2016,6
"4232",3,17295,2016,7
"4233",2,17295,2016,8
"4234",1,17295,2016,9
"4235",0,17295,2016,10
"4236",0,17295,2017,4
"4237",2,17295,2017,5
"4238",NA,17295,2017,6
"4239",6,17295,2017,7
"4240",10,17295,2017,8
"4241",0,17295,2017,9
"4242",0,17295,2017,10
"4243",0,17295,2018,4
"4244",0,17295,2018,5
"4245",1,17295,2018,6
"4246",4,17295,2018,7
"4247",5,17295,2018,8
"4248",NA,17295,2018,9
"4249",NA,17295,2018,10
"4250",0,17295,2019,4
"4251",0,17295,2019,5
"4252",9,17295,2019,6
"4253",7,17295,2019,7
"4254",0,17295,2019,8
"4255",0,17295,2019,9
"4256",0,17295,2019,10
"4257",0,17295,2020,4
"4258",0,17295,2020,5
"4259",0,17295,2020,6
"4260",1,17295,2020,7
"4261",2,17295,2020,8
"4262",0,17295,2020,9
"4263",0,17295,2020,10
"4264",0,17295,2021,4
"4265",0,17295,2021,5
"4266",1,17295,2021,6
"4267",0,17295,2021,7
"4268",3,17295,2021,8
"4269",0,17295,2021,9
"4270",0,17295,2021,10
"4271",0,17295,2022,4
"4272",0,17295,2022,5
"4273",1,17295,2022,6
"4274",1,17295,2022,7
"4275",0,17295,2022,8
"4276",0,17295,2022,9
"4277",0,17295,2022,10
"4278",NA,17297,2010,4
"4279",NA,17297,2010,5
"4280",NA,17297,2010,6
"4281",NA,17297,2010,7
"4282",NA,17297,2010,8
"4283",NA,17297,2010,9
"4284",NA,17297,2010,10
"4285",NA,17297,2011,4
"4286",NA,17297,2011,5
"4287",NA,17297,2011,6
"4288",NA,17297,2011,7
"4289",NA,17297,2011,8
"4290",NA,17297,2011,9
"4291",NA,17297,2011,10
"4292",NA,17297,2012,4
"4293",NA,17297,2012,5
"4294",NA,17297,2012,6
"4295",NA,17297,2012,7
"4296",NA,17297,2012,8
"4297",NA,17297,2012,9
"4298",NA,17297,2012,10
"4299",NA,17297,2013,4
"4300",0,17297,2013,5
"4301",3,17297,2013,6
"4302",14,17297,2013,7
"4303",5,17297,2013,8
"4304",0,17297,2013,9
"4305",0,17297,2013,10
"4306",0,17297,2014,4
"4307",0,17297,2014,5
"4308",7,17297,2014,6
"4309",4,17297,2014,7
"4310",0,17297,2014,8
"4311",0,17297,2014,9
"4312",0,17297,2014,10
"4313",0,17297,2015,4
"4314",0,17297,2015,5
"4315",9,17297,2015,6
"4316",20,17297,2015,7
"4317",11,17297,2015,8
"4318",0,17297,2015,9
"4319",0,17297,2015,10
"4320",0,17297,2016,4
"4321",0,17297,2016,5
"4322",4,17297,2016,6
"4323",8,17297,2016,7
"4324",3,17297,2016,8
"4325",3,17297,2016,9
"4326",0,17297,2016,10
"4327",0,17297,2017,4
"4328",3,17297,2017,5
"4329",8,17297,2017,6
"4330",9,17297,2017,7
"4331",9,17297,2017,8
"4332",0,17297,2017,9
"4333",0,17297,2017,10
"4334",0,17297,2018,4
"4335",1,17297,2018,5
"4336",2,17297,2018,6
"4337",7,17297,2018,7
"4338",4,17297,2018,8
"4339",2,17297,2018,9
"4340",0,17297,2018,10
"4341",NA,17297,2019,4
"4342",0,17297,2019,5
"4343",11,17297,2019,6
"4344",14,17297,2019,7
"4345",1,17297,2019,8
"4346",1,17297,2019,9
"4347",0,17297,2019,10
"4348",0,17297,2020,4
"4349",0,17297,2020,5
"4350",1,17297,2020,6
"4351",9,17297,2020,7
"4352",3,17297,2020,8
"4353",0,17297,2020,9
"4354",0,17297,2020,10
"4355",0,17297,2021,4
"4356",0,17297,2021,5
"4357",2,17297,2021,6
"4358",0,17297,2021,7
"4359",3,17297,2021,8
"4360",1,17297,2021,9
"4361",0,17297,2021,10
"4362",0,17297,2022,4
"4363",2,17297,2022,5
"4364",5,17297,2022,6
"4365",8,17297,2022,7
"4366",3,17297,2022,8
"4367",1,17297,2022,9
"4368",0,17297,2022,10
"4369",NA,20041,2010,4
"4370",NA,20041,2010,5
"4371",NA,20041,2010,6
"4372",NA,20041,2010,7
"4373",NA,20041,2010,8
"4374",NA,20041,2010,9
"4375",NA,20041,2010,10
"4376",NA,20041,2011,4
"4377",NA,20041,2011,5
"4378",NA,20041,2011,6
"4379",NA,20041,2011,7
"4380",NA,20041,2011,8
"4381",NA,20041,2011,9
"4382",NA,20041,2011,10
"4383",NA,20041,2012,4
"4384",NA,20041,2012,5
"4385",NA,20041,2012,6
"4386",NA,20041,2012,7
"4387",NA,20041,2012,8
"4388",NA,20041,2012,9
"4389",NA,20041,2012,10
"4390",0,20041,2013,4
"4391",0,20041,2013,5
"4392",1,20041,2013,6
"4393",9,20041,2013,7
"4394",5,20041,2013,8
"4395",0,20041,2013,9
"4396",0,20041,2013,10
"4397",0,20041,2014,4
"4398",0,20041,2014,5
"4399",5,20041,2014,6
"4400",0,20041,2014,7
"4401",0,20041,2014,8
"4402",0,20041,2014,9
"4403",0,20041,2014,10
"4404",0,20041,2015,4
"4405",0,20041,2015,5
"4406",3,20041,2015,6
"4407",15,20041,2015,7
"4408",2,20041,2015,8
"4409",0,20041,2015,9
"4410",0,20041,2015,10
"4411",0,20041,2016,4
"4412",0,20041,2016,5
"4413",0,20041,2016,6
"4414",3,20041,2016,7
"4415",0,20041,2016,8
"4416",0,20041,2016,9
"4417",0,20041,2016,10
"4418",0,20041,2017,4
"4419",0,20041,2017,5
"4420",7,20041,2017,6
"4421",5,20041,2017,7
"4422",4,20041,2017,8
"4423",0,20041,2017,9
"4424",0,20041,2017,10
"4425",0,20041,2018,4
"4426",0,20041,2018,5
"4427",0,20041,2018,6
"4428",0,20041,2018,7
"4429",1,20041,2018,8
"4430",0,20041,2018,9
"4431",0,20041,2018,10
"4432",0,20041,2019,4
"4433",0,20041,2019,5
"4434",2,20041,2019,6
"4435",5,20041,2019,7
"4436",0,20041,2019,8
"4437",0,20041,2019,9
"4438",NA,20041,2019,10
"4439",0,20041,2020,4
"4440",0,20041,2020,5
"4441",0,20041,2020,6
"4442",0,20041,2020,7
"4443",1,20041,2020,8
"4444",0,20041,2020,9
"4445",0,20041,2020,10
"4446",0,20041,2021,4
"4447",0,20041,2021,5
"4448",0,20041,2021,6
"4449",0,20041,2021,7
"4450",0,20041,2021,8
"4451",0,20041,2021,9
"4452",0,20041,2021,10
"4453",0,20041,2022,4
"4454",0,20041,2022,5
"4455",1,20041,2022,6
"4456",0,20041,2022,7
"4457",0,20041,2022,8
"4458",0,20041,2022,9
"4459",0,20041,2022,10
"4460",NA,20154,2010,4
"4461",NA,20154,2010,5
"4462",NA,20154,2010,6
"4463",NA,20154,2010,7
"4464",NA,20154,2010,8
"4465",NA,20154,2010,9
"4466",NA,20154,2010,10
"4467",NA,20154,2011,4
"4468",NA,20154,2011,5
"4469",NA,20154,2011,6
"4470",NA,20154,2011,7
"4471",NA,20154,2011,8
"4472",NA,20154,2011,9
"4473",NA,20154,2011,10
"4474",NA,20154,2012,4
"4475",NA,20154,2012,5
"4476",NA,20154,2012,6
"4477",NA,20154,2012,7
"4478",NA,20154,2012,8
"4479",NA,20154,2012,9
"4480",NA,20154,2012,10
"4481",NA,20154,2013,4
"4482",NA,20154,2013,5
"4483",NA,20154,2013,6
"4484",NA,20154,2013,7
"4485",NA,20154,2013,8
"4486",NA,20154,2013,9
"4487",NA,20154,2013,10
"4488",1,20154,2014,4
"4489",0,20154,2014,5
"4490",6,20154,2014,6
"4491",3,20154,2014,7
"4492",0,20154,2014,8
"4493",0,20154,2014,9
"4494",0,20154,2014,10
"4495",0,20154,2015,4
"4496",0,20154,2015,5
"4497",2,20154,2015,6
"4498",NA,20154,2015,7
"4499",0,20154,2015,8
"4500",NA,20154,2015,9
"4501",0,20154,2015,10
"4502",0,20154,2016,4
"4503",0,20154,2016,5
"4504",1,20154,2016,6
"4505",2,20154,2016,7
"4506",0,20154,2016,8
"4507",0,20154,2016,9
"4508",0,20154,2016,10
"4509",0,20154,2017,4
"4510",1,20154,2017,5
"4511",1,20154,2017,6
"4512",1,20154,2017,7
"4513",1,20154,2017,8
"4514",0,20154,2017,9
"4515",0,20154,2017,10
"4516",0,20154,2018,4
"4517",0,20154,2018,5
"4518",0,20154,2018,6
"4519",NA,20154,2018,7
"4520",NA,20154,2018,8
"4521",0,20154,2018,9
"4522",0,20154,2018,10
"4523",0,20154,2019,4
"4524",NA,20154,2019,5
"4525",6,20154,2019,6
"4526",2,20154,2019,7
"4527",0,20154,2019,8
"4528",0,20154,2019,9
"4529",0,20154,2019,10
"4530",0,20154,2020,4
"4531",0,20154,2020,5
"4532",0,20154,2020,6
"4533",0,20154,2020,7
"4534",0,20154,2020,8
"4535",0,20154,2020,9
"4536",0,20154,2020,10
"4537",0,20154,2021,4
"4538",0,20154,2021,5
"4539",0,20154,2021,6
"4540",0,20154,2021,7
"4541",0,20154,2021,8
"4542",0,20154,2021,9
"4543",0,20154,2021,10
"4544",0,20154,2022,4
"4545",0,20154,2022,5
"4546",0,20154,2022,6
"4547",0,20154,2022,7
"4548",0,20154,2022,8
"4549",NA,20154,2022,9
"4550",0,20154,2022,10
"4551",NA,30165,2010,4
"4552",NA,30165,2010,5
"4553",NA,30165,2010,6
"4554",NA,30165,2010,7
"4555",NA,30165,2010,8
"4556",NA,30165,2010,9
"4557",NA,30165,2010,10
"4558",NA,30165,2011,4
"4559",NA,30165,2011,5
"4560",NA,30165,2011,6
"4561",NA,30165,2011,7
"4562",NA,30165,2011,8
"4563",NA,30165,2011,9
"4564",NA,30165,2011,10
"4565",NA,30165,2012,4
"4566",NA,30165,2012,5
"4567",NA,30165,2012,6
"4568",NA,30165,2012,7
"4569",NA,30165,2012,8
"4570",NA,30165,2012,9
"4571",NA,30165,2012,10
"4572",0,30165,2013,4
"4573",0,30165,2013,5
"4574",4,30165,2013,6
"4575",8,30165,2013,7
"4576",4,30165,2013,8
"4577",0,30165,2013,9
"4578",0,30165,2013,10
"4579",0,30165,2014,4
"4580",0,30165,2014,5
"4581",7,30165,2014,6
"4582",0,30165,2014,7
"4583",0,30165,2014,8
"4584",0,30165,2014,9
"4585",0,30165,2014,10
"4586",0,30165,2015,4
"4587",1,30165,2015,5
"4588",6,30165,2015,6
"4589",20,30165,2015,7
"4590",9,30165,2015,8
"4591",0,30165,2015,9
"4592",0,30165,2015,10
"4593",0,30165,2016,4
"4594",0,30165,2016,5
"4595",3,30165,2016,6
"4596",NA,30165,2016,7
"4597",0,30165,2016,8
"4598",0,30165,2016,9
"4599",NA,30165,2016,10
"4600",NA,30165,2017,4
"4601",0,30165,2017,5
"4602",7,30165,2017,6
"4603",5,30165,2017,7
"4604",5,30165,2017,8
"4605",NA,30165,2017,9
"4606",0,30165,2017,10
"4607",0,30165,2018,4
"4608",0,30165,2018,5
"4609",5,30165,2018,6
"4610",8,30165,2018,7
"4611",4,30165,2018,8
"4612",1,30165,2018,9
"4613",0,30165,2018,10
"4614",0,30165,2019,4
"4615",0,30165,2019,5
"4616",2,30165,2019,6
"4617",1,30165,2019,7
"4618",NA,30165,2019,8
"4619",0,30165,2019,9
"4620",0,30165,2019,10
"4621",0,30165,2020,4
"4622",0,30165,2020,5
"4623",0,30165,2020,6
"4624",3,30165,2020,7
"4625",1,30165,2020,8
"4626",0,30165,2020,9
"4627",0,30165,2020,10
"4628",0,30165,2021,4
"4629",0,30165,2021,5
"4630",2,30165,2021,6
"4631",NA,30165,2021,7
"4632",1,30165,2021,8
"4633",0,30165,2021,9
"4634",0,30165,2021,10
"4635",0,30165,2022,4
"4636",0,30165,2022,5
"4637",3,30165,2022,6
"4638",4,30165,2022,7
"4639",NA,30165,2022,8
"4640",0,30165,2022,9
"4641",0,30165,2022,10
