"Count_120","idSensore","Year","Month"
4,5707,2010,4
8,5707,2010,5
16,5707,2010,6
25,5707,2010,7
12,5707,2010,8
5,5707,2010,9
0,5707,2010,10
9,5707,2011,4
22,5707,2011,5
11,5707,2011,6
15,5707,2011,7
25,5707,2011,8
12,5707,2011,9
5,5707,2011,10
1,5707,2012,4
10,5707,2012,5
15,5707,2012,6
22,5707,2012,7
20,5707,2012,8
5,5707,2012,9
0,5707,2012,10
6,5707,2013,4
2,5707,2013,5
16,5707,2013,6
29,5707,2013,7
19,5707,2013,8
7,5707,2013,9
0,5707,2013,10
4,5707,2014,4
NA,5707,2014,5
16,5707,2014,6
13,5707,2014,7
8,5707,2014,8
5,5707,2014,9
0,5707,2014,10
9,5707,2015,4
8,5707,2015,5
21,5707,2015,6
30,5707,2015,7
16,5707,2015,8
1,5707,2015,9
0,5707,2015,10
0,5707,2016,4
8,5707,2016,5
11,5707,2016,6
22,5707,2016,7
21,5707,2016,8
9,5707,2016,9
0,5707,2016,10
NA,5707,2017,4
12,5707,2017,5
17,5707,2017,6
21,5707,2017,7
23,5707,2017,8
3,5707,2017,9
0,5707,2017,10
NA,5707,2018,4
9,5707,2018,5
16,5707,2018,6
NA,5707,2018,7
22,5707,2018,8
12,5707,2018,9
0,5707,2018,10
0,5707,2019,4
1,5707,2019,5
19,5707,2019,6
24,5707,2019,7
14,5707,2019,8
7,5707,2019,9
0,5707,2019,10
4,5707,2020,4
8,5707,2020,5
9,5707,2020,6
20,5707,2020,7
15,5707,2020,8
10,5707,2020,9
0,5707,2020,10
NA,5707,2021,4
3,5707,2021,5
18,5707,2021,6
14,5707,2021,7
13,5707,2021,8
NA,5707,2021,9
0,5707,2021,10
5,5707,2022,4
10,5707,2022,5
20,5707,2022,6
30,5707,2022,7
26,5707,2022,8
5,5707,2022,9
0,5707,2022,10
NA,5710,2010,4
0,5710,2010,5
13,5710,2010,6
27,5710,2010,7
NA,5710,2010,8
2,5710,2010,9
0,5710,2010,10
4,5710,2011,4
NA,5710,2011,5
8,5710,2011,6
NA,5710,2011,7
NA,5710,2011,8
7,5710,2011,9
1,5710,2011,10
NA,5710,2012,4
10,5710,2012,5
13,5710,2012,6
24,5710,2012,7
17,5710,2012,8
3,5710,2012,9
0,5710,2012,10
4,5710,2013,4
0,5710,2013,5
13,5710,2013,6
23,5710,2013,7
NA,5710,2013,8
5,5710,2013,9
0,5710,2013,10
0,5710,2014,4
NA,5710,2014,5
11,5710,2014,6
4,5710,2014,7
3,5710,2014,8
2,5710,2014,9
0,5710,2014,10
0,5710,2015,4
3,5710,2015,5
16,5710,2015,6
23,5710,2015,7
14,5710,2015,8
0,5710,2015,9
0,5710,2015,10
0,5710,2016,4
4,5710,2016,5
6,5710,2016,6
17,5710,2016,7
14,5710,2016,8
8,5710,2016,9
0,5710,2016,10
0,5710,2017,4
NA,5710,2017,5
15,5710,2017,6
16,5710,2017,7
20,5710,2017,8
2,5710,2017,9
NA,5710,2017,10
4,5710,2018,4
3,5710,2018,5
14,5710,2018,6
26,5710,2018,7
19,5710,2018,8
7,5710,2018,9
NA,5710,2018,10
3,5710,2019,4
1,5710,2019,5
18,5710,2019,6
17,5710,2019,7
12,5710,2019,8
4,5710,2019,9
NA,5710,2019,10
8,5710,2020,4
8,5710,2020,5
5,5710,2020,6
NA,5710,2020,7
17,5710,2020,8
12,5710,2020,9
0,5710,2020,10
3,5710,2021,4
0,5710,2021,5
12,5710,2021,6
14,5710,2021,7
13,5710,2021,8
NA,5710,2021,9
0,5710,2021,10
3,5710,2022,4
13,5710,2022,5
18,5710,2022,6
28,5710,2022,7
7,5710,2022,8
1,5710,2022,9
0,5710,2022,10
NA,5717,2010,4
5,5717,2010,5
15,5717,2010,6
22,5717,2010,7
7,5717,2010,8
2,5717,2010,9
0,5717,2010,10
0,5717,2011,4
18,5717,2011,5
10,5717,2011,6
15,5717,2011,7
25,5717,2011,8
7,5717,2011,9
1,5717,2011,10
1,5717,2012,4
11,5717,2012,5
15,5717,2012,6
22,5717,2012,7
23,5717,2012,8
4,5717,2012,9
0,5717,2012,10
NA,5717,2013,4
0,5717,2013,5
12,5717,2013,6
28,5717,2013,7
17,5717,2013,8
4,5717,2013,9
0,5717,2013,10
0,5717,2014,4
2,5717,2014,5
12,5717,2014,6
4,5717,2014,7
NA,5717,2014,8
1,5717,2014,9
0,5717,2014,10
3,5717,2015,4
NA,5717,2015,5
17,5717,2015,6
18,5717,2015,7
13,5717,2015,8
0,5717,2015,9
0,5717,2015,10
0,5717,2016,4
NA,5717,2016,5
6,5717,2016,6
18,5717,2016,7
12,5717,2016,8
9,5717,2016,9
0,5717,2016,10
1,5717,2017,4
8,5717,2017,5
16,5717,2017,6
13,5717,2017,7
16,5717,2017,8
0,5717,2017,9
NA,5717,2017,10
2,5717,2018,4
5,5717,2018,5
16,5717,2018,6
27,5717,2018,7
21,5717,2018,8
11,5717,2018,9
0,5717,2018,10
0,5717,2019,4
0,5717,2019,5
16,5717,2019,6
19,5717,2019,7
7,5717,2019,8
1,5717,2019,9
0,5717,2019,10
5,5717,2020,4
5,5717,2020,5
6,5717,2020,6
15,5717,2020,7
16,5717,2020,8
11,5717,2020,9
0,5717,2020,10
4,5717,2021,4
2,5717,2021,5
16,5717,2021,6
14,5717,2021,7
12,5717,2021,8
12,5717,2021,9
0,5717,2021,10
1,5717,2022,4
4,5717,2022,5
NA,5717,2022,6
21,5717,2022,7
9,5717,2022,8
0,5717,2022,9
0,5717,2022,10
1,5718,2010,4
6,5718,2010,5
14,5718,2010,6
24,5718,2010,7
8,5718,2010,8
2,5718,2010,9
0,5718,2010,10
3,5718,2011,4
16,5718,2011,5
7,5718,2011,6
10,5718,2011,7
22,5718,2011,8
5,5718,2011,9
0,5718,2011,10
1,5718,2012,4
9,5718,2012,5
13,5718,2012,6
14,5718,2012,7
19,5718,2012,8
2,5718,2012,9
0,5718,2012,10
0,5718,2013,4
0,5718,2013,5
9,5718,2013,6
27,5718,2013,7
17,5718,2013,8
4,5718,2013,9
0,5718,2013,10
0,5718,2014,4
1,5718,2014,5
NA,5718,2014,6
4,5718,2014,7
2,5718,2014,8
0,5718,2014,9
0,5718,2014,10
3,5718,2015,4
8,5718,2015,5
18,5718,2015,6
28,5718,2015,7
15,5718,2015,8
0,5718,2015,9
0,5718,2015,10
1,5718,2016,4
5,5718,2016,5
11,5718,2016,6
22,5718,2016,7
19,5718,2016,8
9,5718,2016,9
0,5718,2016,10
2,5718,2017,4
10,5718,2017,5
17,5718,2017,6
14,5718,2017,7
21,5718,2017,8
1,5718,2017,9
0,5718,2017,10
4,5718,2018,4
3,5718,2018,5
12,5718,2018,6
19,5718,2018,7
NA,5718,2018,8
NA,5718,2018,9
0,5718,2018,10
0,5718,2019,4
1,5718,2019,5
NA,5718,2019,6
17,5718,2019,7
8,5718,2019,8
1,5718,2019,9
0,5718,2019,10
1,5718,2020,4
1,5718,2020,5
3,5718,2020,6
11,5718,2020,7
12,5718,2020,8
5,5718,2020,9
0,5718,2020,10
1,5718,2021,4
1,5718,2021,5
12,5718,2021,6
9,5718,2021,7
8,5718,2021,8
7,5718,2021,9
0,5718,2021,10
0,5718,2022,4
12,5718,2022,5
16,5718,2022,6
27,5718,2022,7
17,5718,2022,8
1,5718,2022,9
0,5718,2022,10
2,5719,2010,4
4,5719,2010,5
12,5719,2010,6
25,5719,2010,7
11,5719,2010,8
1,5719,2010,9
0,5719,2010,10
5,5719,2011,4
14,5719,2011,5
8,5719,2011,6
12,5719,2011,7
24,5719,2011,8
9,5719,2011,9
2,5719,2011,10
1,5719,2012,4
10,5719,2012,5
16,5719,2012,6
22,5719,2012,7
24,5719,2012,8
5,5719,2012,9
0,5719,2012,10
1,5719,2013,4
0,5719,2013,5
8,5719,2013,6
22,5719,2013,7
19,5719,2013,8
5,5719,2013,9
0,5719,2013,10
2,5719,2014,4
2,5719,2014,5
13,5719,2014,6
11,5719,2014,7
7,5719,2014,8
1,5719,2014,9
NA,5719,2014,10
0,5719,2015,4
0,5719,2015,5
13,5719,2015,6
21,5719,2015,7
13,5719,2015,8
0,5719,2015,9
NA,5719,2015,10
0,5719,2016,4
8,5719,2016,5
NA,5719,2016,6
24,5719,2016,7
21,5719,2016,8
11,5719,2016,9
0,5719,2016,10
2,5719,2017,4
10,5719,2017,5
19,5719,2017,6
22,5719,2017,7
23,5719,2017,8
2,5719,2017,9
NA,5719,2017,10
7,5719,2018,4
7,5719,2018,5
21,5719,2018,6
27,5719,2018,7
24,5719,2018,8
14,5719,2018,9
0,5719,2018,10
3,5719,2019,4
5,5719,2019,5
23,5719,2019,6
26,5719,2019,7
25,5719,2019,8
8,5719,2019,9
0,5719,2019,10
0,5719,2020,4
2,5719,2020,5
5,5719,2020,6
15,5719,2020,7
14,5719,2020,8
6,5719,2020,9
0,5719,2020,10
NA,5719,2021,4
5,5719,2021,5
21,5719,2021,6
19,5719,2021,7
17,5719,2021,8
13,5719,2021,9
0,5719,2021,10
3,5719,2022,4
14,5719,2022,5
21,5719,2022,6
28,5719,2022,7
28,5719,2022,8
5,5719,2022,9
0,5719,2022,10
7,5721,2010,4
11,5721,2010,5
15,5721,2010,6
23,5721,2010,7
7,5721,2010,8
1,5721,2010,9
0,5721,2010,10
13,5721,2011,4
NA,5721,2011,5
8,5721,2011,6
4,5721,2011,7
13,5721,2011,8
2,5721,2011,9
1,5721,2011,10
1,5721,2012,4
4,5721,2012,5
9,5721,2012,6
6,5721,2012,7
9,5721,2012,8
0,5721,2012,9
0,5721,2012,10
5,5721,2013,4
1,5721,2013,5
10,5721,2013,6
27,5721,2013,7
14,5721,2013,8
4,5721,2013,9
0,5721,2013,10
0,5721,2014,4
4,5721,2014,5
13,5721,2014,6
7,5721,2014,7
3,5721,2014,8
0,5721,2014,9
0,5721,2014,10
5,5721,2015,4
6,5721,2015,5
17,5721,2015,6
28,5721,2015,7
11,5721,2015,8
0,5721,2015,9
0,5721,2015,10
0,5721,2016,4
6,5721,2016,5
10,5721,2016,6
20,5721,2016,7
17,5721,2016,8
8,5721,2016,9
0,5721,2016,10
3,5721,2017,4
9,5721,2017,5
16,5721,2017,6
17,5721,2017,7
18,5721,2017,8
2,5721,2017,9
0,5721,2017,10
0,5721,2018,4
NA,5721,2018,5
16,5721,2018,6
21,5721,2018,7
20,5721,2018,8
13,5721,2018,9
0,5721,2018,10
0,5721,2019,4
1,5721,2019,5
17,5721,2019,6
27,5721,2019,7
24,5721,2019,8
10,5721,2019,9
0,5721,2019,10
12,5721,2020,4
13,5721,2020,5
12,5721,2020,6
19,5721,2020,7
19,5721,2020,8
11,5721,2020,9
0,5721,2020,10
5,5721,2021,4
1,5721,2021,5
17,5721,2021,6
11,5721,2021,7
10,5721,2021,8
12,5721,2021,9
0,5721,2021,10
3,5721,2022,4
8,5721,2022,5
14,5721,2022,6
28,5721,2022,7
19,5721,2022,8
1,5721,2022,9
0,5721,2022,10
0,5725,2010,4
2,5725,2010,5
9,5725,2010,6
13,5725,2010,7
3,5725,2010,8
0,5725,2010,9
0,5725,2010,10
2,5725,2011,4
8,5725,2011,5
6,5725,2011,6
2,5725,2011,7
24,5725,2011,8
1,5725,2011,9
0,5725,2011,10
1,5725,2012,4
5,5725,2012,5
9,5725,2012,6
6,5725,2012,7
13,5725,2012,8
2,5725,2012,9
0,5725,2012,10
0,5725,2013,4
0,5725,2013,5
5,5725,2013,6
20,5725,2013,7
8,5725,2013,8
1,5725,2013,9
0,5725,2013,10
0,5725,2014,4
2,5725,2014,5
9,5725,2014,6
5,5725,2014,7
4,5725,2014,8
0,5725,2014,9
0,5725,2014,10
0,5725,2015,4
1,5725,2015,5
13,5725,2015,6
NA,5725,2015,7
14,5725,2015,8
0,5725,2015,9
0,5725,2015,10
NA,5725,2016,4
NA,5725,2016,5
4,5725,2016,6
8,5725,2016,7
5,5725,2016,8
4,5725,2016,9
0,5725,2016,10
0,5725,2017,4
3,5725,2017,5
9,5725,2017,6
NA,5725,2017,7
19,5725,2017,8
0,5725,2017,9
0,5725,2017,10
1,5725,2018,4
2,5725,2018,5
12,5725,2018,6
20,5725,2018,7
18,5725,2018,8
NA,5725,2018,9
0,5725,2018,10
0,5725,2019,4
1,5725,2019,5
16,5725,2019,6
15,5725,2019,7
10,5725,2019,8
3,5725,2019,9
0,5725,2019,10
4,5725,2020,4
4,5725,2020,5
4,5725,2020,6
12,5725,2020,7
15,5725,2020,8
7,5725,2020,9
0,5725,2020,10
3,5725,2021,4
2,5725,2021,5
12,5725,2021,6
10,5725,2021,7
8,5725,2021,8
7,5725,2021,9
0,5725,2021,10
6,5725,2022,4
11,5725,2022,5
17,5725,2022,6
27,5725,2022,7
20,5725,2022,8
1,5725,2022,9
0,5725,2022,10
0,5730,2010,4
2,5730,2010,5
13,5730,2010,6
26,5730,2010,7
7,5730,2010,8
1,5730,2010,9
0,5730,2010,10
12,5730,2011,4
18,5730,2011,5
10,5730,2011,6
NA,5730,2011,7
24,5730,2011,8
19,5730,2011,9
5,5730,2011,10
1,5730,2012,4
11,5730,2012,5
15,5730,2012,6
24,5730,2012,7
28,5730,2012,8
6,5730,2012,9
0,5730,2012,10
5,5730,2013,4
0,5730,2013,5
17,5730,2013,6
30,5730,2013,7
16,5730,2013,8
11,5730,2013,9
0,5730,2013,10
3,5730,2014,4
8,5730,2014,5
16,5730,2014,6
16,5730,2014,7
4,5730,2014,8
1,5730,2014,9
0,5730,2014,10
6,5730,2015,4
10,5730,2015,5
22,5730,2015,6
29,5730,2015,7
20,5730,2015,8
1,5730,2015,9
0,5730,2015,10
0,5730,2016,4
9,5730,2016,5
13,5730,2016,6
23,5730,2016,7
19,5730,2016,8
14,5730,2016,9
0,5730,2016,10
5,5730,2017,4
12,5730,2017,5
22,5730,2017,6
22,5730,2017,7
25,5730,2017,8
3,5730,2017,9
0,5730,2017,10
10,5730,2018,4
5,5730,2018,5
19,5730,2018,6
29,5730,2018,7
25,5730,2018,8
17,5730,2018,9
0,5730,2018,10
7,5730,2019,4
4,5730,2019,5
26,5730,2019,6
26,5730,2019,7
14,5730,2019,8
8,5730,2019,9
0,5730,2019,10
10,5730,2020,4
13,5730,2020,5
12,5730,2020,6
26,5730,2020,7
20,5730,2020,8
13,5730,2020,9
0,5730,2020,10
4,5730,2021,4
0,5730,2021,5
17,5730,2021,6
18,5730,2021,7
15,5730,2021,8
14,5730,2021,9
0,5730,2021,10
3,5730,2022,4
11,5730,2022,5
16,5730,2022,6
28,5730,2022,7
27,5730,2022,8
6,5730,2022,9
0,5730,2022,10
0,5732,2010,4
5,5732,2010,5
14,5732,2010,6
25,5732,2010,7
14,5732,2010,8
5,5732,2010,9
0,5732,2010,10
11,5732,2011,4
11,5732,2011,5
8,5732,2011,6
4,5732,2011,7
5,5732,2011,8
0,5732,2011,9
NA,5732,2011,10
0,5732,2012,4
8,5732,2012,5
10,5732,2012,6
16,5732,2012,7
20,5732,2012,8
6,5732,2012,9
0,5732,2012,10
2,5732,2013,4
0,5732,2013,5
10,5732,2013,6
24,5732,2013,7
17,5732,2013,8
6,5732,2013,9
NA,5732,2013,10
0,5732,2014,4
0,5732,2014,5
11,5732,2014,6
5,5732,2014,7
0,5732,2014,8
0,5732,2014,9
0,5732,2014,10
5,5732,2015,4
8,5732,2015,5
13,5732,2015,6
NA,5732,2015,7
8,5732,2015,8
0,5732,2015,9
0,5732,2015,10
1,5732,2016,4
10,5732,2016,5
8,5732,2016,6
11,5732,2016,7
10,5732,2016,8
5,5732,2016,9
NA,5732,2016,10
5,5732,2017,4
11,5732,2017,5
17,5732,2017,6
12,5732,2017,7
11,5732,2017,8
0,5732,2017,9
0,5732,2017,10
5,5732,2018,4
3,5732,2018,5
15,5732,2018,6
26,5732,2018,7
14,5732,2018,8
5,5732,2018,9
0,5732,2018,10
0,5732,2019,4
0,5732,2019,5
9,5732,2019,6
17,5732,2019,7
4,5732,2019,8
2,5732,2019,9
0,5732,2019,10
8,5732,2020,4
NA,5732,2020,5
6,5732,2020,6
13,5732,2020,7
6,5732,2020,8
2,5732,2020,9
NA,5732,2020,10
5,5732,2021,4
3,5732,2021,5
16,5732,2021,6
8,5732,2021,7
1,5732,2021,8
2,5732,2021,9
0,5732,2021,10
NA,5732,2022,4
6,5732,2022,5
7,5732,2022,6
21,5732,2022,7
21,5732,2022,8
0,5732,2022,9
0,5732,2022,10
0,5735,2010,4
3,5735,2010,5
NA,5735,2010,6
19,5735,2010,7
6,5735,2010,8
0,5735,2010,9
NA,5735,2010,10
2,5735,2011,4
4,5735,2011,5
3,5735,2011,6
0,5735,2011,7
3,5735,2011,8
0,5735,2011,9
0,5735,2011,10
0,5735,2012,4
0,5735,2012,5
3,5735,2012,6
11,5735,2012,7
20,5735,2012,8
2,5735,2012,9
0,5735,2012,10
1,5735,2013,4
NA,5735,2013,5
3,5735,2013,6
13,5735,2013,7
11,5735,2013,8
1,5735,2013,9
0,5735,2013,10
0,5735,2014,4
0,5735,2014,5
NA,5735,2014,6
3,5735,2014,7
0,5735,2014,8
0,5735,2014,9
0,5735,2014,10
0,5735,2015,4
5,5735,2015,5
16,5735,2015,6
26,5735,2015,7
15,5735,2015,8
0,5735,2015,9
0,5735,2015,10
NA,5735,2016,4
9,5735,2016,5
9,5735,2016,6
21,5735,2016,7
NA,5735,2016,8
10,5735,2016,9
NA,5735,2016,10
0,5735,2017,4
8,5735,2017,5
17,5735,2017,6
20,5735,2017,7
22,5735,2017,8
0,5735,2017,9
0,5735,2017,10
2,5735,2018,4
3,5735,2018,5
12,5735,2018,6
20,5735,2018,7
15,5735,2018,8
2,5735,2018,9
0,5735,2018,10
3,5735,2019,4
NA,5735,2019,5
22,5735,2019,6
20,5735,2019,7
10,5735,2019,8
4,5735,2019,9
0,5735,2019,10
7,5735,2020,4
10,5735,2020,5
9,5735,2020,6
19,5735,2020,7
14,5735,2020,8
7,5735,2020,9
0,5735,2020,10
2,5735,2021,4
1,5735,2021,5
18,5735,2021,6
14,5735,2021,7
9,5735,2021,8
8,5735,2021,9
0,5735,2021,10
NA,5735,2022,4
NA,5735,2022,5
NA,5735,2022,6
NA,5735,2022,7
NA,5735,2022,8
NA,5735,2022,9
NA,5735,2022,10
7,5738,2010,4
7,5738,2010,5
17,5738,2010,6
NA,5738,2010,7
11,5738,2010,8
3,5738,2010,9
0,5738,2010,10
NA,5738,2011,4
25,5738,2011,5
14,5738,2011,6
16,5738,2011,7
26,5738,2011,8
14,5738,2011,9
4,5738,2011,10
1,5738,2012,4
NA,5738,2012,5
16,5738,2012,6
20,5738,2012,7
19,5738,2012,8
4,5738,2012,9
0,5738,2012,10
NA,5738,2013,4
5,5738,2013,5
21,5738,2013,6
29,5738,2013,7
17,5738,2013,8
7,5738,2013,9
0,5738,2013,10
2,5738,2014,4
11,5738,2014,5
18,5738,2014,6
NA,5738,2014,7
15,5738,2014,8
12,5738,2014,9
0,5738,2014,10
NA,5738,2015,4
9,5738,2015,5
NA,5738,2015,6
28,5738,2015,7
16,5738,2015,8
0,5738,2015,9
0,5738,2015,10
1,5738,2016,4
NA,5738,2016,5
24,5738,2016,6
27,5738,2016,7
22,5738,2016,8
16,5738,2016,9
0,5738,2016,10
14,5738,2017,4
17,5738,2017,5
27,5738,2017,6
26,5738,2017,7
17,5738,2017,8
0,5738,2017,9
0,5738,2017,10
NA,5738,2018,4
2,5738,2018,5
13,5738,2018,6
25,5738,2018,7
17,5738,2018,8
8,5738,2018,9
0,5738,2018,10
4,5738,2019,4
4,5738,2019,5
23,5738,2019,6
24,5738,2019,7
13,5738,2019,8
6,5738,2019,9
0,5738,2019,10
5,5738,2020,4
6,5738,2020,5
7,5738,2020,6
22,5738,2020,7
18,5738,2020,8
12,5738,2020,9
0,5738,2020,10
4,5738,2021,4
2,5738,2021,5
18,5738,2021,6
16,5738,2021,7
12,5738,2021,8
10,5738,2021,9
0,5738,2021,10
4,5738,2022,4
14,5738,2022,5
17,5738,2022,6
28,5738,2022,7
21,5738,2022,8
2,5738,2022,9
0,5738,2022,10
8,5739,2010,4
4,5739,2010,5
11,5739,2010,6
19,5739,2010,7
9,5739,2010,8
1,5739,2010,9
0,5739,2010,10
NA,5739,2011,4
NA,5739,2011,5
0,5739,2011,6
0,5739,2011,7
0,5739,2011,8
0,5739,2011,9
0,5739,2011,10
0,5739,2012,4
0,5739,2012,5
NA,5739,2012,6
0,5739,2012,7
0,5739,2012,8
0,5739,2012,9
0,5739,2012,10
NA,5739,2013,4
0,5739,2013,5
2,5739,2013,6
7,5739,2013,7
5,5739,2013,8
2,5739,2013,9
0,5739,2013,10
0,5739,2014,4
0,5739,2014,5
1,5739,2014,6
1,5739,2014,7
0,5739,2014,8
0,5739,2014,9
0,5739,2014,10
NA,5739,2015,4
2,5739,2015,5
2,5739,2015,6
20,5739,2015,7
6,5739,2015,8
0,5739,2015,9
0,5739,2015,10
0,5739,2016,4
6,5739,2016,5
2,5739,2016,6
2,5739,2016,7
0,5739,2016,8
0,5739,2016,9
NA,5739,2016,10
0,5739,2017,4
6,5739,2017,5
12,5739,2017,6
2,5739,2017,7
3,5739,2017,8
0,5739,2017,9
0,5739,2017,10
4,5739,2018,4
1,5739,2018,5
4,5739,2018,6
12,5739,2018,7
2,5739,2018,8
0,5739,2018,9
0,5739,2018,10
1,5739,2019,4
2,5739,2019,5
7,5739,2019,6
4,5739,2019,7
0,5739,2019,8
0,5739,2019,9
0,5739,2019,10
1,5739,2020,4
1,5739,2020,5
1,5739,2020,6
0,5739,2020,7
0,5739,2020,8
0,5739,2020,9
0,5739,2020,10
1,5739,2021,4
0,5739,2021,5
3,5739,2021,6
1,5739,2021,7
0,5739,2021,8
1,5739,2021,9
0,5739,2021,10
2,5739,2022,4
4,5739,2022,5
2,5739,2022,6
11,5739,2022,7
4,5739,2022,8
0,5739,2022,9
0,5739,2022,10
1,5742,2010,4
2,5742,2010,5
9,5742,2010,6
17,5742,2010,7
1,5742,2010,8
0,5742,2010,9
0,5742,2010,10
5,5742,2011,4
13,5742,2011,5
6,5742,2011,6
4,5742,2011,7
NA,5742,2011,8
0,5742,2011,9
0,5742,2011,10
0,5742,2012,4
NA,5742,2012,5
5,5742,2012,6
NA,5742,2012,7
20,5742,2012,8
0,5742,2012,9
0,5742,2012,10
5,5742,2013,4
0,5742,2013,5
NA,5742,2013,6
27,5742,2013,7
17,5742,2013,8
5,5742,2013,9
0,5742,2013,10
0,5742,2014,4
NA,5742,2014,5
12,5742,2014,6
5,5742,2014,7
2,5742,2014,8
0,5742,2014,9
NA,5742,2014,10
NA,5742,2015,4
8,5742,2015,5
13,5742,2015,6
24,5742,2015,7
12,5742,2015,8
1,5742,2015,9
NA,5742,2015,10
1,5742,2016,4
7,5742,2016,5
8,5742,2016,6
12,5742,2016,7
6,5742,2016,8
3,5742,2016,9
0,5742,2016,10
8,5742,2017,4
11,5742,2017,5
17,5742,2017,6
15,5742,2017,7
10,5742,2017,8
0,5742,2017,9
0,5742,2017,10
NA,5742,2018,4
0,5742,2018,5
16,5742,2018,6
25,5742,2018,7
13,5742,2018,8
0,5742,2018,9
0,5742,2018,10
0,5742,2019,4
0,5742,2019,5
12,5742,2019,6
17,5742,2019,7
2,5742,2019,8
0,5742,2019,9
0,5742,2019,10
7,5742,2020,4
5,5742,2020,5
3,5742,2020,6
11,5742,2020,7
5,5742,2020,8
0,5742,2020,9
0,5742,2020,10
3,5742,2021,4
0,5742,2021,5
13,5742,2021,6
7,5742,2021,7
0,5742,2021,8
0,5742,2021,9
0,5742,2021,10
1,5742,2022,4
6,5742,2022,5
9,5742,2022,6
19,5742,2022,7
14,5742,2022,8
0,5742,2022,9
0,5742,2022,10
2,5749,2010,4
6,5749,2010,5
15,5749,2010,6
25,5749,2010,7
11,5749,2010,8
3,5749,2010,9
0,5749,2010,10
7,5749,2011,4
20,5749,2011,5
10,5749,2011,6
15,5749,2011,7
24,5749,2011,8
7,5749,2011,9
1,5749,2011,10
1,5749,2012,4
11,5749,2012,5
16,5749,2012,6
22,5749,2012,7
24,5749,2012,8
6,5749,2012,9
0,5749,2012,10
3,5749,2013,4
0,5749,2013,5
15,5749,2013,6
28,5749,2013,7
19,5749,2013,8
6,5749,2013,9
0,5749,2013,10
2,5749,2014,4
3,5749,2014,5
16,5749,2014,6
14,5749,2014,7
4,5749,2014,8
2,5749,2014,9
0,5749,2014,10
0,5749,2015,4
11,5749,2015,5
22,5749,2015,6
29,5749,2015,7
20,5749,2015,8
0,5749,2015,9
0,5749,2015,10
0,5749,2016,4
9,5749,2016,5
12,5749,2016,6
23,5749,2016,7
21,5749,2016,8
11,5749,2016,9
0,5749,2016,10
3,5749,2017,4
13,5749,2017,5
19,5749,2017,6
21,5749,2017,7
25,5749,2017,8
3,5749,2017,9
0,5749,2017,10
5,5749,2018,4
6,5749,2018,5
20,5749,2018,6
28,5749,2018,7
22,5749,2018,8
14,5749,2018,9
0,5749,2018,10
7,5749,2019,4
1,5749,2019,5
17,5749,2019,6
19,5749,2019,7
14,5749,2019,8
5,5749,2019,9
0,5749,2019,10
10,5749,2020,4
10,5749,2020,5
11,5749,2020,6
22,5749,2020,7
20,5749,2020,8
12,5749,2020,9
0,5749,2020,10
4,5749,2021,4
4,5749,2021,5
19,5749,2021,6
14,5749,2021,7
12,5749,2021,8
13,5749,2021,9
0,5749,2021,10
7,5749,2022,4
17,5749,2022,5
21,5749,2022,6
27,5749,2022,7
26,5749,2022,8
5,5749,2022,9
0,5749,2022,10
1,5750,2010,4
5,5750,2010,5
15,5750,2010,6
24,5750,2010,7
9,5750,2010,8
0,5750,2010,9
0,5750,2010,10
NA,5750,2011,4
17,5750,2011,5
7,5750,2011,6
11,5750,2011,7
22,5750,2011,8
14,5750,2011,9
4,5750,2011,10
1,5750,2012,4
10,5750,2012,5
15,5750,2012,6
22,5750,2012,7
22,5750,2012,8
5,5750,2012,9
0,5750,2012,10
4,5750,2013,4
0,5750,2013,5
14,5750,2013,6
28,5750,2013,7
15,5750,2013,8
5,5750,2013,9
0,5750,2013,10
2,5750,2014,4
4,5750,2014,5
12,5750,2014,6
9,5750,2014,7
3,5750,2014,8
1,5750,2014,9
0,5750,2014,10
1,5750,2015,4
7,5750,2015,5
17,5750,2015,6
28,5750,2015,7
18,5750,2015,8
0,5750,2015,9
0,5750,2015,10
0,5750,2016,4
8,5750,2016,5
11,5750,2016,6
18,5750,2016,7
19,5750,2016,8
11,5750,2016,9
0,5750,2016,10
14,5750,2017,4
12,5750,2017,5
21,5750,2017,6
21,5750,2017,7
17,5750,2017,8
2,5750,2017,9
0,5750,2017,10
4,5750,2018,4
3,5750,2018,5
16,5750,2018,6
26,5750,2018,7
22,5750,2018,8
8,5750,2018,9
0,5750,2018,10
0,5750,2019,4
0,5750,2019,5
19,5750,2019,6
23,5750,2019,7
10,5750,2019,8
6,5750,2019,9
0,5750,2019,10
5,5750,2020,4
5,5750,2020,5
7,5750,2020,6
14,5750,2020,7
15,5750,2020,8
10,5750,2020,9
0,5750,2020,10
3,5750,2021,4
2,5750,2021,5
14,5750,2021,6
11,5750,2021,7
6,5750,2021,8
9,5750,2021,9
0,5750,2021,10
3,5750,2022,4
11,5750,2022,5
15,5750,2022,6
24,5750,2022,7
21,5750,2022,8
1,5750,2022,9
0,5750,2022,10
4,5952,2010,4
6,5952,2010,5
16,5952,2010,6
NA,5952,2010,7
9,5952,2010,8
0,5952,2010,9
0,5952,2010,10
NA,5952,2011,4
19,5952,2011,5
7,5952,2011,6
8,5952,2011,7
17,5952,2011,8
8,5952,2011,9
2,5952,2011,10
0,5952,2012,4
7,5952,2012,5
11,5952,2012,6
20,5952,2012,7
25,5952,2012,8
6,5952,2012,9
0,5952,2012,10
7,5952,2013,4
2,5952,2013,5
13,5952,2013,6
26,5952,2013,7
15,5952,2013,8
6,5952,2013,9
0,5952,2013,10
2,5952,2014,4
5,5952,2014,5
13,5952,2014,6
7,5952,2014,7
3,5952,2014,8
0,5952,2014,9
0,5952,2014,10
5,5952,2015,4
NA,5952,2015,5
18,5952,2015,6
27,5952,2015,7
19,5952,2015,8
1,5952,2015,9
0,5952,2015,10
NA,5952,2016,4
8,5952,2016,5
9,5952,2016,6
21,5952,2016,7
13,5952,2016,8
8,5952,2016,9
0,5952,2016,10
4,5952,2017,4
9,5952,2017,5
20,5952,2017,6
18,5952,2017,7
19,5952,2017,8
2,5952,2017,9
0,5952,2017,10
0,5952,2018,4
6,5952,2018,5
10,5952,2018,6
23,5952,2018,7
18,5952,2018,8
10,5952,2018,9
0,5952,2018,10
1,5952,2019,4
1,5952,2019,5
19,5952,2019,6
21,5952,2019,7
8,5952,2019,8
7,5952,2019,9
0,5952,2019,10
0,5952,2020,4
3,5952,2020,5
3,5952,2020,6
15,5952,2020,7
11,5952,2020,8
9,5952,2020,9
0,5952,2020,10
3,5952,2021,4
2,5952,2021,5
15,5952,2021,6
10,5952,2021,7
9,5952,2021,8
10,5952,2021,9
0,5952,2021,10
3,5952,2022,4
13,5952,2022,5
19,5952,2022,6
28,5952,2022,7
11,5952,2022,8
3,5952,2022,9
0,5952,2022,10
3,5960,2010,4
7,5960,2010,5
18,5960,2010,6
25,5960,2010,7
10,5960,2010,8
3,5960,2010,9
0,5960,2010,10
5,5960,2011,4
21,5960,2011,5
11,5960,2011,6
18,5960,2011,7
25,5960,2011,8
9,5960,2011,9
1,5960,2011,10
1,5960,2012,4
12,5960,2012,5
17,5960,2012,6
22,5960,2012,7
22,5960,2012,8
5,5960,2012,9
0,5960,2012,10
7,5960,2013,4
1,5960,2013,5
18,5960,2013,6
30,5960,2013,7
18,5960,2013,8
8,5960,2013,9
0,5960,2013,10
1,5960,2014,4
3,5960,2014,5
NA,5960,2014,6
11,5960,2014,7
6,5960,2014,8
2,5960,2014,9
0,5960,2014,10
9,5960,2015,4
17,5960,2015,5
25,5960,2015,6
30,5960,2015,7
18,5960,2015,8
3,5960,2015,9
0,5960,2015,10
1,5960,2016,4
10,5960,2016,5
14,5960,2016,6
25,5960,2016,7
18,5960,2016,8
12,5960,2016,9
0,5960,2016,10
7,5960,2017,4
13,5960,2017,5
22,5960,2017,6
17,5960,2017,7
17,5960,2017,8
0,5960,2017,9
0,5960,2017,10
5,5960,2018,4
2,5960,2018,5
9,5960,2018,6
NA,5960,2018,7
10,5960,2018,8
14,5960,2018,9
0,5960,2018,10
4,5960,2019,4
4,5960,2019,5
24,5960,2019,6
25,5960,2019,7
16,5960,2019,8
7,5960,2019,9
0,5960,2019,10
5,5960,2020,4
8,5960,2020,5
8,5960,2020,6
20,5960,2020,7
17,5960,2020,8
11,5960,2020,9
0,5960,2020,10
4,5960,2021,4
2,5960,2021,5
16,5960,2021,6
18,5960,2021,7
13,5960,2021,8
10,5960,2021,9
0,5960,2021,10
4,5960,2022,4
12,5960,2022,5
20,5960,2022,6
28,5960,2022,7
25,5960,2022,8
5,5960,2022,9
0,5960,2022,10
0,6582,2010,4
4,6582,2010,5
10,6582,2010,6
23,6582,2010,7
4,6582,2010,8
0,6582,2010,9
0,6582,2010,10
1,6582,2011,4
8,6582,2011,5
5,6582,2011,6
5,6582,2011,7
14,6582,2011,8
2,6582,2011,9
0,6582,2011,10
1,6582,2012,4
11,6582,2012,5
10,6582,2012,6
15,6582,2012,7
19,6582,2012,8
2,6582,2012,9
0,6582,2012,10
3,6582,2013,4
0,6582,2013,5
8,6582,2013,6
20,6582,2013,7
13,6582,2013,8
3,6582,2013,9
0,6582,2013,10
0,6582,2014,4
0,6582,2014,5
8,6582,2014,6
3,6582,2014,7
0,6582,2014,8
0,6582,2014,9
0,6582,2014,10
3,6582,2015,4
5,6582,2015,5
17,6582,2015,6
27,6582,2015,7
16,6582,2015,8
0,6582,2015,9
0,6582,2015,10
1,6582,2016,4
5,6582,2016,5
5,6582,2016,6
13,6582,2016,7
12,6582,2016,8
2,6582,2016,9
0,6582,2016,10
1,6582,2017,4
10,6582,2017,5
15,6582,2017,6
19,6582,2017,7
10,6582,2017,8
0,6582,2017,9
0,6582,2017,10
5,6582,2018,4
3,6582,2018,5
14,6582,2018,6
25,6582,2018,7
17,6582,2018,8
3,6582,2018,9
0,6582,2018,10
1,6582,2019,4
0,6582,2019,5
15,6582,2019,6
23,6582,2019,7
7,6582,2019,8
1,6582,2019,9
0,6582,2019,10
8,6582,2020,4
7,6582,2020,5
8,6582,2020,6
18,6582,2020,7
15,6582,2020,8
3,6582,2020,9
0,6582,2020,10
4,6582,2021,4
3,6582,2021,5
18,6582,2021,6
13,6582,2021,7
7,6582,2021,8
7,6582,2021,9
0,6582,2021,10
1,6582,2022,4
8,6582,2022,5
13,6582,2022,6
25,6582,2022,7
24,6582,2022,8
2,6582,2022,9
0,6582,2022,10
4,6665,2010,4
4,6665,2010,5
11,6665,2010,6
25,6665,2010,7
5,6665,2010,8
0,6665,2010,9
0,6665,2010,10
8,6665,2011,4
15,6665,2011,5
6,6665,2011,6
7,6665,2011,7
20,6665,2011,8
5,6665,2011,9
0,6665,2011,10
1,6665,2012,4
8,6665,2012,5
16,6665,2012,6
23,6665,2012,7
23,6665,2012,8
5,6665,2012,9
0,6665,2012,10
2,6665,2013,4
0,6665,2013,5
9,6665,2013,6
26,6665,2013,7
18,6665,2013,8
6,6665,2013,9
0,6665,2013,10
0,6665,2014,4
1,6665,2014,5
15,6665,2014,6
7,6665,2014,7
3,6665,2014,8
0,6665,2014,9
0,6665,2014,10
8,6665,2015,4
12,6665,2015,5
24,6665,2015,6
30,6665,2015,7
20,6665,2015,8
1,6665,2015,9
0,6665,2015,10
1,6665,2016,4
10,6665,2016,5
14,6665,2016,6
24,6665,2016,7
21,6665,2016,8
11,6665,2016,9
0,6665,2016,10
5,6665,2017,4
13,6665,2017,5
21,6665,2017,6
22,6665,2017,7
26,6665,2017,8
3,6665,2017,9
0,6665,2017,10
8,6665,2018,4
5,6665,2018,5
21,6665,2018,6
29,6665,2018,7
24,6665,2018,8
15,6665,2018,9
0,6665,2018,10
2,6665,2019,4
3,6665,2019,5
22,6665,2019,6
25,6665,2019,7
15,6665,2019,8
7,6665,2019,9
0,6665,2019,10
NA,6665,2020,4
10,6665,2020,5
10,6665,2020,6
21,6665,2020,7
16,6665,2020,8
11,6665,2020,9
0,6665,2020,10
4,6665,2021,4
4,6665,2021,5
20,6665,2021,6
15,6665,2021,7
13,6665,2021,8
14,6665,2021,9
0,6665,2021,10
5,6665,2022,4
16,6665,2022,5
19,6665,2022,6
28,6665,2022,7
26,6665,2022,8
6,6665,2022,9
0,6665,2022,10
0,6691,2010,4
9,6691,2010,5
13,6691,2010,6
NA,6691,2010,7
3,6691,2010,8
1,6691,2010,9
0,6691,2010,10
1,6691,2011,4
17,6691,2011,5
11,6691,2011,6
18,6691,2011,7
26,6691,2011,8
14,6691,2011,9
5,6691,2011,10
0,6691,2012,4
8,6691,2012,5
NA,6691,2012,6
22,6691,2012,7
22,6691,2012,8
1,6691,2012,9
NA,6691,2012,10
1,6691,2013,4
0,6691,2013,5
8,6691,2013,6
27,6691,2013,7
14,6691,2013,8
4,6691,2013,9
0,6691,2013,10
2,6691,2014,4
5,6691,2014,5
16,6691,2014,6
7,6691,2014,7
3,6691,2014,8
0,6691,2014,9
0,6691,2014,10
0,6691,2015,4
4,6691,2015,5
17,6691,2015,6
29,6691,2015,7
15,6691,2015,8
0,6691,2015,9
0,6691,2015,10
0,6691,2016,4
7,6691,2016,5
9,6691,2016,6
21,6691,2016,7
13,6691,2016,8
9,6691,2016,9
0,6691,2016,10
1,6691,2017,4
12,6691,2017,5
14,6691,2017,6
20,6691,2017,7
19,6691,2017,8
2,6691,2017,9
0,6691,2017,10
3,6691,2018,4
2,6691,2018,5
11,6691,2018,6
24,6691,2018,7
19,6691,2018,8
5,6691,2018,9
0,6691,2018,10
0,6691,2019,4
3,6691,2019,5
19,6691,2019,6
21,6691,2019,7
18,6691,2019,8
5,6691,2019,9
0,6691,2019,10
5,6691,2020,4
6,6691,2020,5
7,6691,2020,6
17,6691,2020,7
12,6691,2020,8
9,6691,2020,9
0,6691,2020,10
3,6691,2021,4
2,6691,2021,5
15,6691,2021,6
9,6691,2021,7
8,6691,2021,8
8,6691,2021,9
0,6691,2021,10
0,6691,2022,4
3,6691,2022,5
13,6691,2022,6
27,6691,2022,7
8,6691,2022,8
0,6691,2022,9
0,6691,2022,10
1,6804,2010,4
5,6804,2010,5
12,6804,2010,6
22,6804,2010,7
9,6804,2010,8
0,6804,2010,9
0,6804,2010,10
4,6804,2011,4
11,6804,2011,5
5,6804,2011,6
9,6804,2011,7
19,6804,2011,8
4,6804,2011,9
0,6804,2011,10
1,6804,2012,4
6,6804,2012,5
13,6804,2012,6
19,6804,2012,7
21,6804,2012,8
2,6804,2012,9
0,6804,2012,10
1,6804,2013,4
0,6804,2013,5
11,6804,2013,6
NA,6804,2013,7
14,6804,2013,8
1,6804,2013,9
0,6804,2013,10
2,6804,2014,4
5,6804,2014,5
10,6804,2014,6
5,6804,2014,7
1,6804,2014,8
0,6804,2014,9
0,6804,2014,10
1,6804,2015,4
8,6804,2015,5
13,6804,2015,6
26,6804,2015,7
17,6804,2015,8
1,6804,2015,9
0,6804,2015,10
NA,6804,2016,4
4,6804,2016,5
5,6804,2016,6
17,6804,2016,7
8,6804,2016,8
4,6804,2016,9
0,6804,2016,10
1,6804,2017,4
8,6804,2017,5
21,6804,2017,6
20,6804,2017,7
18,6804,2017,8
1,6804,2017,9
NA,6804,2017,10
4,6804,2018,4
3,6804,2018,5
9,6804,2018,6
23,6804,2018,7
12,6804,2018,8
1,6804,2018,9
0,6804,2018,10
2,6804,2019,4
0,6804,2019,5
20,6804,2019,6
19,6804,2019,7
7,6804,2019,8
1,6804,2019,9
0,6804,2019,10
12,6804,2020,4
5,6804,2020,5
6,6804,2020,6
18,6804,2020,7
13,6804,2020,8
4,6804,2020,9
0,6804,2020,10
3,6804,2021,4
0,6804,2021,5
16,6804,2021,6
15,6804,2021,7
12,6804,2021,8
11,6804,2021,9
0,6804,2021,10
1,6804,2022,4
8,6804,2022,5
15,6804,2022,6
27,6804,2022,7
19,6804,2022,8
1,6804,2022,9
0,6804,2022,10
3,6818,2010,4
7,6818,2010,5
15,6818,2010,6
NA,6818,2010,7
12,6818,2010,8
1,6818,2010,9
0,6818,2010,10
7,6818,2011,4
20,6818,2011,5
9,6818,2011,6
14,6818,2011,7
21,6818,2011,8
6,6818,2011,9
0,6818,2011,10
1,6818,2012,4
11,6818,2012,5
13,6818,2012,6
20,6818,2012,7
20,6818,2012,8
3,6818,2012,9
0,6818,2012,10
1,6818,2013,4
1,6818,2013,5
15,6818,2013,6
29,6818,2013,7
17,6818,2013,8
6,6818,2013,9
0,6818,2013,10
1,6818,2014,4
7,6818,2014,5
20,6818,2014,6
4,6818,2014,7
2,6818,2014,8
0,6818,2014,9
0,6818,2014,10
6,6818,2015,4
12,6818,2015,5
18,6818,2015,6
27,6818,2015,7
16,6818,2015,8
0,6818,2015,9
0,6818,2015,10
0,6818,2016,4
6,6818,2016,5
10,6818,2016,6
20,6818,2016,7
13,6818,2016,8
10,6818,2016,9
NA,6818,2016,10
2,6818,2017,4
10,6818,2017,5
22,6818,2017,6
22,6818,2017,7
22,6818,2017,8
3,6818,2017,9
0,6818,2017,10
0,6818,2018,4
6,6818,2018,5
12,6818,2018,6
25,6818,2018,7
22,6818,2018,8
10,6818,2018,9
0,6818,2018,10
3,6818,2019,4
0,6818,2019,5
21,6818,2019,6
21,6818,2019,7
5,6818,2019,8
3,6818,2019,9
0,6818,2019,10
7,6818,2020,4
10,6818,2020,5
10,6818,2020,6
23,6818,2020,7
16,6818,2020,8
13,6818,2020,9
0,6818,2020,10
6,6818,2021,4
2,6818,2021,5
14,6818,2021,6
10,6818,2021,7
8,6818,2021,8
11,6818,2021,9
0,6818,2021,10
5,6818,2022,4
8,6818,2022,5
14,6818,2022,6
24,6818,2022,7
22,6818,2022,8
3,6818,2022,9
0,6818,2022,10
5,6832,2010,4
5,6832,2010,5
16,6832,2010,6
NA,6832,2010,7
17,6832,2010,8
5,6832,2010,9
0,6832,2010,10
18,6832,2011,4
19,6832,2011,5
9,6832,2011,6
15,6832,2011,7
25,6832,2011,8
13,6832,2011,9
4,6832,2011,10
1,6832,2012,4
15,6832,2012,5
18,6832,2012,6
26,6832,2012,7
24,6832,2012,8
4,6832,2012,9
0,6832,2012,10
7,6832,2013,4
1,6832,2013,5
15,6832,2013,6
29,6832,2013,7
21,6832,2013,8
6,6832,2013,9
0,6832,2013,10
1,6832,2014,4
NA,6832,2014,5
20,6832,2014,6
15,6832,2014,7
7,6832,2014,8
1,6832,2014,9
0,6832,2014,10
8,6832,2015,4
12,6832,2015,5
21,6832,2015,6
27,6832,2015,7
17,6832,2015,8
1,6832,2015,9
0,6832,2015,10
0,6832,2016,4
3,6832,2016,5
8,6832,2016,6
18,6832,2016,7
11,6832,2016,8
10,6832,2016,9
0,6832,2016,10
0,6832,2017,4
6,6832,2017,5
21,6832,2017,6
20,6832,2017,7
21,6832,2017,8
2,6832,2017,9
NA,6832,2017,10
3,6832,2018,4
4,6832,2018,5
17,6832,2018,6
28,6832,2018,7
22,6832,2018,8
10,6832,2018,9
0,6832,2018,10
1,6832,2019,4
0,6832,2019,5
25,6832,2019,6
27,6832,2019,7
16,6832,2019,8
6,6832,2019,9
0,6832,2019,10
9,6832,2020,4
7,6832,2020,5
11,6832,2020,6
22,6832,2020,7
19,6832,2020,8
14,6832,2020,9
0,6832,2020,10
7,6832,2021,4
2,6832,2021,5
21,6832,2021,6
19,6832,2021,7
14,6832,2021,8
12,6832,2021,9
0,6832,2021,10
5,6832,2022,4
13,6832,2022,5
19,6832,2022,6
29,6832,2022,7
20,6832,2022,8
6,6832,2022,9
0,6832,2022,10
0,6884,2010,4
5,6884,2010,5
14,6884,2010,6
22,6884,2010,7
9,6884,2010,8
0,6884,2010,9
0,6884,2010,10
6,6884,2011,4
19,6884,2011,5
NA,6884,2011,6
26,6884,2011,7
26,6884,2011,8
12,6884,2011,9
1,6884,2011,10
4,6884,2012,4
17,6884,2012,5
20,6884,2012,6
27,6884,2012,7
25,6884,2012,8
5,6884,2012,9
0,6884,2012,10
8,6884,2013,4
4,6884,2013,5
16,6884,2013,6
28,6884,2013,7
18,6884,2013,8
3,6884,2013,9
0,6884,2013,10
0,6884,2014,4
3,6884,2014,5
16,6884,2014,6
7,6884,2014,7
2,6884,2014,8
0,6884,2014,9
0,6884,2014,10
3,6884,2015,4
10,6884,2015,5
16,6884,2015,6
28,6884,2015,7
16,6884,2015,8
0,6884,2015,9
0,6884,2015,10
0,6884,2016,4
2,6884,2016,5
8,6884,2016,6
23,6884,2016,7
19,6884,2016,8
11,6884,2016,9
0,6884,2016,10
2,6884,2017,4
9,6884,2017,5
18,6884,2017,6
14,6884,2017,7
15,6884,2017,8
0,6884,2017,9
0,6884,2017,10
3,6884,2018,4
7,6884,2018,5
9,6884,2018,6
27,6884,2018,7
22,6884,2018,8
13,6884,2018,9
0,6884,2018,10
4,6884,2019,4
3,6884,2019,5
20,6884,2019,6
21,6884,2019,7
13,6884,2019,8
8,6884,2019,9
0,6884,2019,10
4,6884,2020,4
5,6884,2020,5
6,6884,2020,6
19,6884,2020,7
14,6884,2020,8
5,6884,2020,9
0,6884,2020,10
2,6884,2021,4
2,6884,2021,5
14,6884,2021,6
16,6884,2021,7
11,6884,2021,8
11,6884,2021,9
0,6884,2021,10
1,6884,2022,4
8,6884,2022,5
14,6884,2022,6
26,6884,2022,7
18,6884,2022,8
0,6884,2022,9
0,6884,2022,10
2,6904,2010,4
5,6904,2010,5
16,6904,2010,6
27,6904,2010,7
14,6904,2010,8
2,6904,2010,9
0,6904,2010,10
8,6904,2011,4
NA,6904,2011,5
12,6904,2011,6
14,6904,2011,7
23,6904,2011,8
14,6904,2011,9
4,6904,2011,10
NA,6904,2012,4
NA,6904,2012,5
17,6904,2012,6
24,6904,2012,7
26,6904,2012,8
5,6904,2012,9
0,6904,2012,10
6,6904,2013,4
0,6904,2013,5
14,6904,2013,6
29,6904,2013,7
18,6904,2013,8
6,6904,2013,9
0,6904,2013,10
1,6904,2014,4
5,6904,2014,5
16,6904,2014,6
11,6904,2014,7
3,6904,2014,8
1,6904,2014,9
0,6904,2014,10
NA,6904,2015,4
15,6904,2015,5
23,6904,2015,6
28,6904,2015,7
18,6904,2015,8
2,6904,2015,9
0,6904,2015,10
1,6904,2016,4
9,6904,2016,5
11,6904,2016,6
20,6904,2016,7
NA,6904,2016,8
11,6904,2016,9
0,6904,2016,10
6,6904,2017,4
13,6904,2017,5
17,6904,2017,6
25,6904,2017,7
26,6904,2017,8
3,6904,2017,9
0,6904,2017,10
4,6904,2018,4
2,6904,2018,5
13,6904,2018,6
20,6904,2018,7
20,6904,2018,8
12,6904,2018,9
0,6904,2018,10
7,6904,2019,4
6,6904,2019,5
27,6904,2019,6
25,6904,2019,7
4,6904,2019,8
7,6904,2019,9
0,6904,2019,10
2,6904,2020,4
5,6904,2020,5
11,6904,2020,6
23,6904,2020,7
17,6904,2020,8
12,6904,2020,9
0,6904,2020,10
5,6904,2021,4
3,6904,2021,5
18,6904,2021,6
13,6904,2021,7
10,6904,2021,8
12,6904,2021,9
0,6904,2021,10
6,6904,2022,4
19,6904,2022,5
24,6904,2022,6
31,6904,2022,7
29,6904,2022,8
8,6904,2022,9
0,6904,2022,10
6,9856,2010,4
10,9856,2010,5
14,9856,2010,6
22,9856,2010,7
9,9856,2010,8
NA,9856,2010,9
NA,9856,2010,10
8,9856,2011,4
20,9856,2011,5
NA,9856,2011,6
NA,9856,2011,7
18,9856,2011,8
NA,9856,2011,9
3,9856,2011,10
1,9856,2012,4
9,9856,2012,5
11,9856,2012,6
15,9856,2012,7
19,9856,2012,8
4,9856,2012,9
0,9856,2012,10
4,9856,2013,4
0,9856,2013,5
11,9856,2013,6
27,9856,2013,7
18,9856,2013,8
7,9856,2013,9
0,9856,2013,10
2,9856,2014,4
5,9856,2014,5
14,9856,2014,6
9,9856,2014,7
5,9856,2014,8
3,9856,2014,9
0,9856,2014,10
6,9856,2015,4
NA,9856,2015,5
11,9856,2015,6
23,9856,2015,7
15,9856,2015,8
0,9856,2015,9
0,9856,2015,10
1,9856,2016,4
10,9856,2016,5
12,9856,2016,6
21,9856,2016,7
15,9856,2016,8
8,9856,2016,9
0,9856,2016,10
1,9856,2017,4
8,9856,2017,5
12,9856,2017,6
19,9856,2017,7
23,9856,2017,8
2,9856,2017,9
0,9856,2017,10
1,9856,2018,4
5,9856,2018,5
15,9856,2018,6
26,9856,2018,7
20,9856,2018,8
12,9856,2018,9
0,9856,2018,10
1,9856,2019,4
0,9856,2019,5
16,9856,2019,6
18,9856,2019,7
12,9856,2019,8
6,9856,2019,9
0,9856,2019,10
1,9856,2020,4
2,9856,2020,5
9,9856,2020,6
23,9856,2020,7
13,9856,2020,8
NA,9856,2020,9
0,9856,2020,10
1,9856,2021,4
0,9856,2021,5
10,9856,2021,6
NA,9856,2021,7
7,9856,2021,8
8,9856,2021,9
0,9856,2021,10
1,9856,2022,4
9,9856,2022,5
NA,9856,2022,6
28,9856,2022,7
22,9856,2022,8
2,9856,2022,9
0,9856,2022,10
0,9861,2010,4
4,9861,2010,5
7,9861,2010,6
9,9861,2010,7
1,9861,2010,8
1,9861,2010,9
0,9861,2010,10
1,9861,2011,4
5,9861,2011,5
2,9861,2011,6
0,9861,2011,7
15,9861,2011,8
NA,9861,2011,9
0,9861,2011,10
1,9861,2012,4
9,9861,2012,5
10,9861,2012,6
15,9861,2012,7
22,9861,2012,8
3,9861,2012,9
0,9861,2012,10
2,9861,2013,4
0,9861,2013,5
NA,9861,2013,6
21,9861,2013,7
13,9861,2013,8
4,9861,2013,9
0,9861,2013,10
NA,9861,2014,4
7,9861,2014,5
20,9861,2014,6
10,9861,2014,7
2,9861,2014,8
0,9861,2014,9
0,9861,2014,10
0,9861,2015,4
4,9861,2015,5
15,9861,2015,6
22,9861,2015,7
14,9861,2015,8
0,9861,2015,9
0,9861,2015,10
0,9861,2016,4
3,9861,2016,5
9,9861,2016,6
19,9861,2016,7
15,9861,2016,8
8,9861,2016,9
0,9861,2016,10
1,9861,2017,4
3,9861,2017,5
6,9861,2017,6
20,9861,2017,7
20,9861,2017,8
0,9861,2017,9
0,9861,2017,10
0,9861,2018,4
0,9861,2018,5
11,9861,2018,6
17,9861,2018,7
17,9861,2018,8
2,9861,2018,9
NA,9861,2018,10
1,9861,2019,4
0,9861,2019,5
16,9861,2019,6
17,9861,2019,7
10,9861,2019,8
1,9861,2019,9
0,9861,2019,10
1,9861,2020,4
0,9861,2020,5
3,9861,2020,6
13,9861,2020,7
10,9861,2020,8
4,9861,2020,9
0,9861,2020,10
0,9861,2021,4
NA,9861,2021,5
10,9861,2021,6
6,9861,2021,7
8,9861,2021,8
8,9861,2021,9
0,9861,2021,10
1,9861,2022,4
3,9861,2022,5
6,9861,2022,6
14,9861,2022,7
9,9861,2022,8
0,9861,2022,9
0,9861,2022,10
NA,9882,2010,4
4,9882,2010,5
11,9882,2010,6
23,9882,2010,7
9,9882,2010,8
NA,9882,2010,9
0,9882,2010,10
1,9882,2011,4
12,9882,2011,5
7,9882,2011,6
9,9882,2011,7
22,9882,2011,8
2,9882,2011,9
1,9882,2011,10
0,9882,2012,4
6,9882,2012,5
NA,9882,2012,6
27,9882,2012,7
23,9882,2012,8
NA,9882,2012,9
0,9882,2012,10
0,9882,2013,4
0,9882,2013,5
11,9882,2013,6
26,9882,2013,7
19,9882,2013,8
4,9882,2013,9
NA,9882,2013,10
0,9882,2014,4
0,9882,2014,5
12,9882,2014,6
12,9882,2014,7
5,9882,2014,8
0,9882,2014,9
0,9882,2014,10
1,9882,2015,4
8,9882,2015,5
13,9882,2015,6
NA,9882,2015,7
19,9882,2015,8
2,9882,2015,9
0,9882,2015,10
0,9882,2016,4
6,9882,2016,5
NA,9882,2016,6
24,9882,2016,7
18,9882,2016,8
10,9882,2016,9
0,9882,2016,10
4,9882,2017,4
12,9882,2017,5
20,9882,2017,6
23,9882,2017,7
22,9882,2017,8
0,9882,2017,9
0,9882,2017,10
7,9882,2018,4
NA,9882,2018,5
21,9882,2018,6
28,9882,2018,7
21,9882,2018,8
12,9882,2018,9
0,9882,2018,10
7,9882,2019,4
5,9882,2019,5
25,9882,2019,6
27,9882,2019,7
21,9882,2019,8
7,9882,2019,9
0,9882,2019,10
10,9882,2020,4
10,9882,2020,5
10,9882,2020,6
19,9882,2020,7
19,9882,2020,8
12,9882,2020,9
0,9882,2020,10
4,9882,2021,4
2,9882,2021,5
15,9882,2021,6
13,9882,2021,7
13,9882,2021,8
13,9882,2021,9
0,9882,2021,10
1,9882,2022,4
8,9882,2022,5
17,9882,2022,6
27,9882,2022,7
19,9882,2022,8
2,9882,2022,9
0,9882,2022,10
2,9899,2010,4
7,9899,2010,5
14,9899,2010,6
23,9899,2010,7
8,9899,2010,8
3,9899,2010,9
0,9899,2010,10
11,9899,2011,4
23,9899,2011,5
10,9899,2011,6
19,9899,2011,7
25,9899,2011,8
10,9899,2011,9
2,9899,2011,10
1,9899,2012,4
12,9899,2012,5
16,9899,2012,6
22,9899,2012,7
22,9899,2012,8
NA,9899,2012,9
0,9899,2012,10
3,9899,2013,4
0,9899,2013,5
10,9899,2013,6
27,9899,2013,7
12,9899,2013,8
NA,9899,2013,9
NA,9899,2013,10
0,9899,2014,4
1,9899,2014,5
11,9899,2014,6
4,9899,2014,7
2,9899,2014,8
0,9899,2014,9
NA,9899,2014,10
1,9899,2015,4
5,9899,2015,5
15,9899,2015,6
28,9899,2015,7
15,9899,2015,8
1,9899,2015,9
0,9899,2015,10
0,9899,2016,4
0,9899,2016,5
5,9899,2016,6
15,9899,2016,7
7,9899,2016,8
4,9899,2016,9
0,9899,2016,10
0,9899,2017,4
0,9899,2017,5
14,9899,2017,6
15,9899,2017,7
19,9899,2017,8
0,9899,2017,9
0,9899,2017,10
0,9899,2018,4
3,9899,2018,5
10,9899,2018,6
23,9899,2018,7
18,9899,2018,8
9,9899,2018,9
0,9899,2018,10
0,9899,2019,4
2,9899,2019,5
24,9899,2019,6
24,9899,2019,7
10,9899,2019,8
NA,9899,2019,9
0,9899,2019,10
7,9899,2020,4
5,9899,2020,5
6,9899,2020,6
20,9899,2020,7
18,9899,2020,8
13,9899,2020,9
0,9899,2020,10
10,9899,2021,4
2,9899,2021,5
10,9899,2021,6
14,9899,2021,7
1,9899,2021,8
10,9899,2021,9
0,9899,2021,10
4,9899,2022,4
12,9899,2022,5
20,9899,2022,6
30,9899,2022,7
21,9899,2022,8
0,9899,2022,9
0,9899,2022,10
2,9925,2010,4
6,9925,2010,5
18,9925,2010,6
24,9925,2010,7
12,9925,2010,8
1,9925,2010,9
0,9925,2010,10
6,9925,2011,4
17,9925,2011,5
8,9925,2011,6
12,9925,2011,7
22,9925,2011,8
7,9925,2011,9
0,9925,2011,10
0,9925,2012,4
9,9925,2012,5
14,9925,2012,6
22,9925,2012,7
22,9925,2012,8
4,9925,2012,9
0,9925,2012,10
3,9925,2013,4
0,9925,2013,5
10,9925,2013,6
28,9925,2013,7
13,9925,2013,8
1,9925,2013,9
0,9925,2013,10
1,9925,2014,4
5,9925,2014,5
18,9925,2014,6
10,9925,2014,7
5,9925,2014,8
0,9925,2014,9
0,9925,2014,10
2,9925,2015,4
10,9925,2015,5
18,9925,2015,6
NA,9925,2015,7
17,9925,2015,8
1,9925,2015,9
0,9925,2015,10
0,9925,2016,4
7,9925,2016,5
12,9925,2016,6
25,9925,2016,7
16,9925,2016,8
9,9925,2016,9
0,9925,2016,10
0,9925,2017,4
11,9925,2017,5
NA,9925,2017,6
22,9925,2017,7
20,9925,2017,8
2,9925,2017,9
0,9925,2017,10
0,9925,2018,4
4,9925,2018,5
14,9925,2018,6
28,9925,2018,7
22,9925,2018,8
8,9925,2018,9
0,9925,2018,10
0,9925,2019,4
0,9925,2019,5
19,9925,2019,6
19,9925,2019,7
7,9925,2019,8
1,9925,2019,9
0,9925,2019,10
3,9925,2020,4
7,9925,2020,5
11,9925,2020,6
20,9925,2020,7
18,9925,2020,8
12,9925,2020,9
0,9925,2020,10
3,9925,2021,4
2,9925,2021,5
15,9925,2021,6
15,9925,2021,7
11,9925,2021,8
7,9925,2021,9
0,9925,2021,10
1,9925,2022,4
11,9925,2022,5
20,9925,2022,6
28,9925,2022,7
18,9925,2022,8
1,9925,2022,9
0,9925,2022,10
6,9972,2010,4
7,9972,2010,5
16,9972,2010,6
29,9972,2010,7
17,9972,2010,8
7,9972,2010,9
0,9972,2010,10
10,9972,2011,4
21,9972,2011,5
11,9972,2011,6
18,9972,2011,7
25,9972,2011,8
17,9972,2011,9
4,9972,2011,10
1,9972,2012,4
9,9972,2012,5
12,9972,2012,6
27,9972,2012,7
28,9972,2012,8
6,9972,2012,9
0,9972,2012,10
6,9972,2013,4
3,9972,2013,5
16,9972,2013,6
30,9972,2013,7
25,9972,2013,8
10,9972,2013,9
0,9972,2013,10
NA,9972,2014,4
2,9972,2014,5
11,9972,2014,6
7,9972,2014,7
1,9972,2014,8
0,9972,2014,9
0,9972,2014,10
0,9972,2015,4
9,9972,2015,5
20,9972,2015,6
27,9972,2015,7
14,9972,2015,8
0,9972,2015,9
0,9972,2015,10
1,9972,2016,4
11,9972,2016,5
11,9972,2016,6
21,9972,2016,7
15,9972,2016,8
12,9972,2016,9
0,9972,2016,10
2,9972,2017,4
12,9972,2017,5
20,9972,2017,6
20,9972,2017,7
17,9972,2017,8
3,9972,2017,9
0,9972,2017,10
10,9972,2018,4
5,9972,2018,5
25,9972,2018,6
30,9972,2018,7
21,9972,2018,8
17,9972,2018,9
0,9972,2018,10
7,9972,2019,4
4,9972,2019,5
26,9972,2019,6
27,9972,2019,7
18,9972,2019,8
8,9972,2019,9
0,9972,2019,10
13,9972,2020,4
13,9972,2020,5
11,9972,2020,6
27,9972,2020,7
20,9972,2020,8
12,9972,2020,9
0,9972,2020,10
4,9972,2021,4
4,9972,2021,5
22,9972,2021,6
18,9972,2021,7
14,9972,2021,8
14,9972,2021,9
0,9972,2021,10
5,9972,2022,4
18,9972,2022,5
22,9972,2022,6
29,9972,2022,7
26,9972,2022,8
7,9972,2022,9
0,9972,2022,10
0,9991,2010,4
4,9991,2010,5
16,9991,2010,6
26,9991,2010,7
18,9991,2010,8
6,9991,2010,9
NA,9991,2010,10
13,9991,2011,4
26,9991,2011,5
14,9991,2011,6
23,9991,2011,7
28,9991,2011,8
22,9991,2011,9
NA,9991,2011,10
3,9991,2012,4
10,9991,2012,5
14,9991,2012,6
27,9991,2012,7
28,9991,2012,8
NA,9991,2012,9
0,9991,2012,10
9,9991,2013,4
5,9991,2013,5
21,9991,2013,6
31,9991,2013,7
NA,9991,2013,8
11,9991,2013,9
0,9991,2013,10
4,9991,2014,4
13,9991,2014,5
14,9991,2014,6
12,9991,2014,7
6,9991,2014,8
3,9991,2014,9
0,9991,2014,10
12,9991,2015,4
17,9991,2015,5
27,9991,2015,6
30,9991,2015,7
25,9991,2015,8
2,9991,2015,9
0,9991,2015,10
1,9991,2016,4
13,9991,2016,5
11,9991,2016,6
22,9991,2016,7
19,9991,2016,8
17,9991,2016,9
0,9991,2016,10
13,9991,2017,4
16,9991,2017,5
21,9991,2017,6
24,9991,2017,7
25,9991,2017,8
7,9991,2017,9
0,9991,2017,10
12,9991,2018,4
6,9991,2018,5
20,9991,2018,6
28,9991,2018,7
21,9991,2018,8
16,9991,2018,9
0,9991,2018,10
10,9991,2019,4
9,9991,2019,5
30,9991,2019,6
30,9991,2019,7
23,9991,2019,8
12,9991,2019,9
0,9991,2019,10
23,9991,2020,4
20,9991,2020,5
11,9991,2020,6
26,9991,2020,7
24,9991,2020,8
16,9991,2020,9
0,9991,2020,10
8,9991,2021,4
5,9991,2021,5
22,9991,2021,6
20,9991,2021,7
21,9991,2021,8
15,9991,2021,9
0,9991,2021,10
9,9991,2022,4
18,9991,2022,5
24,9991,2022,6
30,9991,2022,7
28,9991,2022,8
15,9991,2022,9
2,9991,2022,10
2,9997,2010,4
11,9997,2010,5
16,9997,2010,6
17,9997,2010,7
2,9997,2010,8
2,9997,2010,9
0,9997,2010,10
NA,9997,2011,4
19,9997,2011,5
4,9997,2011,6
1,9997,2011,7
6,9997,2011,8
1,9997,2011,9
1,9997,2011,10
1,9997,2012,4
10,9997,2012,5
13,9997,2012,6
11,9997,2012,7
15,9997,2012,8
3,9997,2012,9
0,9997,2012,10
NA,9997,2013,4
0,9997,2013,5
12,9997,2013,6
26,9997,2013,7
7,9997,2013,8
3,9997,2013,9
0,9997,2013,10
NA,9997,2014,4
9,9997,2014,5
15,9997,2014,6
NA,9997,2014,7
3,9997,2014,8
0,9997,2014,9
0,9997,2014,10
8,9997,2015,4
7,9997,2015,5
14,9997,2015,6
18,9997,2015,7
11,9997,2015,8
0,9997,2015,9
0,9997,2015,10
0,9997,2016,4
7,9997,2016,5
12,9997,2016,6
13,9997,2016,7
9,9997,2016,8
7,9997,2016,9
0,9997,2016,10
5,9997,2017,4
13,9997,2017,5
13,9997,2017,6
8,9997,2017,7
15,9997,2017,8
1,9997,2017,9
0,9997,2017,10
4,9997,2018,4
4,9997,2018,5
11,9997,2018,6
15,9997,2018,7
15,9997,2018,8
8,9997,2018,9
0,9997,2018,10
2,9997,2019,4
NA,9997,2019,5
21,9997,2019,6
NA,9997,2019,7
4,9997,2019,8
1,9997,2019,9
0,9997,2019,10
4,9997,2020,4
6,9997,2020,5
4,9997,2020,6
10,9997,2020,7
7,9997,2020,8
7,9997,2020,9
NA,9997,2020,10
0,9997,2021,4
1,9997,2021,5
11,9997,2021,6
0,9997,2021,7
1,9997,2021,8
2,9997,2021,9
0,9997,2021,10
NA,9997,2022,4
8,9997,2022,5
10,9997,2022,6
9,9997,2022,7
3,9997,2022,8
0,9997,2022,9
0,9997,2022,10
3,10025,2010,4
8,10025,2010,5
17,10025,2010,6
28,10025,2010,7
16,10025,2010,8
2,10025,2010,9
0,10025,2010,10
2,10025,2011,4
9,10025,2011,5
4,10025,2011,6
2,10025,2011,7
6,10025,2011,8
0,10025,2011,9
0,10025,2011,10
0,10025,2012,4
4,10025,2012,5
9,10025,2012,6
13,10025,2012,7
27,10025,2012,8
5,10025,2012,9
0,10025,2012,10
3,10025,2013,4
0,10025,2013,5
10,10025,2013,6
28,10025,2013,7
20,10025,2013,8
6,10025,2013,9
NA,10025,2013,10
3,10025,2014,4
8,10025,2014,5
15,10025,2014,6
NA,10025,2014,7
3,10025,2014,8
0,10025,2014,9
0,10025,2014,10
5,10025,2015,4
10,10025,2015,5
23,10025,2015,6
28,10025,2015,7
18,10025,2015,8
1,10025,2015,9
0,10025,2015,10
0,10025,2016,4
11,10025,2016,5
13,10025,2016,6
24,10025,2016,7
19,10025,2016,8
14,10025,2016,9
0,10025,2016,10
1,10025,2017,4
10,10025,2017,5
21,10025,2017,6
23,10025,2017,7
26,10025,2017,8
3,10025,2017,9
0,10025,2017,10
9,10025,2018,4
5,10025,2018,5
20,10025,2018,6
30,10025,2018,7
23,10025,2018,8
12,10025,2018,9
0,10025,2018,10
0,10025,2019,4
0,10025,2019,5
22,10025,2019,6
25,10025,2019,7
16,10025,2019,8
8,10025,2019,9
0,10025,2019,10
2,10025,2020,4
5,10025,2020,5
13,10025,2020,6
28,10025,2020,7
21,10025,2020,8
14,10025,2020,9
0,10025,2020,10
4,10025,2021,4
1,10025,2021,5
18,10025,2021,6
16,10025,2021,7
12,10025,2021,8
NA,10025,2021,9
0,10025,2021,10
5,10025,2022,4
16,10025,2022,5
20,10025,2022,6
29,10025,2022,7
23,10025,2022,8
4,10025,2022,9
0,10025,2022,10
10,10041,2010,4
8,10041,2010,5
16,10041,2010,6
27,10041,2010,7
11,10041,2010,8
5,10041,2010,9
0,10041,2010,10
14,10041,2011,4
23,10041,2011,5
9,10041,2011,6
6,10041,2011,7
19,10041,2011,8
7,10041,2011,9
4,10041,2011,10
1,10041,2012,4
12,10041,2012,5
14,10041,2012,6
17,10041,2012,7
22,10041,2012,8
4,10041,2012,9
0,10041,2012,10
4,10041,2013,4
1,10041,2013,5
14,10041,2013,6
27,10041,2013,7
18,10041,2013,8
5,10041,2013,9
0,10041,2013,10
3,10041,2014,4
4,10041,2014,5
15,10041,2014,6
9,10041,2014,7
5,10041,2014,8
0,10041,2014,9
0,10041,2014,10
5,10041,2015,4
10,10041,2015,5
23,10041,2015,6
29,10041,2015,7
17,10041,2015,8
1,10041,2015,9
0,10041,2015,10
0,10041,2016,4
NA,10041,2016,5
11,10041,2016,6
18,10041,2016,7
19,10041,2016,8
10,10041,2016,9
0,10041,2016,10
5,10041,2017,4
14,10041,2017,5
22,10041,2017,6
22,10041,2017,7
25,10041,2017,8
3,10041,2017,9
0,10041,2017,10
7,10041,2018,4
9,10041,2018,5
17,10041,2018,6
27,10041,2018,7
22,10041,2018,8
12,10041,2018,9
0,10041,2018,10
7,10041,2019,4
4,10041,2019,5
21,10041,2019,6
25,10041,2019,7
16,10041,2019,8
8,10041,2019,9
0,10041,2019,10
7,10041,2020,4
7,10041,2020,5
9,10041,2020,6
19,10041,2020,7
16,10041,2020,8
9,10041,2020,9
0,10041,2020,10
3,10041,2021,4
0,10041,2021,5
11,10041,2021,6
9,10041,2021,7
9,10041,2021,8
10,10041,2021,9
0,10041,2021,10
0,10041,2022,4
6,10041,2022,5
18,10041,2022,6
26,10041,2022,7
21,10041,2022,8
6,10041,2022,9
0,10041,2022,10
3,10081,2010,4
8,10081,2010,5
18,10081,2010,6
24,10081,2010,7
NA,10081,2010,8
2,10081,2010,9
0,10081,2010,10
7,10081,2011,4
21,10081,2011,5
8,10081,2011,6
18,10081,2011,7
22,10081,2011,8
9,10081,2011,9
2,10081,2011,10
3,10081,2012,4
21,10081,2012,5
22,10081,2012,6
25,10081,2012,7
27,10081,2012,8
5,10081,2012,9
0,10081,2012,10
9,10081,2013,4
1,10081,2013,5
NA,10081,2013,6
30,10081,2013,7
21,10081,2013,8
8,10081,2013,9
0,10081,2013,10
4,10081,2014,4
16,10081,2014,5
26,10081,2014,6
10,10081,2014,7
NA,10081,2014,8
0,10081,2014,9
0,10081,2014,10
8,10081,2015,4
15,10081,2015,5
23,10081,2015,6
28,10081,2015,7
17,10081,2015,8
0,10081,2015,9
0,10081,2015,10
0,10081,2016,4
5,10081,2016,5
5,10081,2016,6
16,10081,2016,7
14,10081,2016,8
7,10081,2016,9
0,10081,2016,10
1,10081,2017,4
11,10081,2017,5
21,10081,2017,6
22,10081,2017,7
22,10081,2017,8
3,10081,2017,9
0,10081,2017,10
8,10081,2018,4
5,10081,2018,5
14,10081,2018,6
24,10081,2018,7
19,10081,2018,8
8,10081,2018,9
0,10081,2018,10
4,10081,2019,4
0,10081,2019,5
22,10081,2019,6
26,10081,2019,7
14,10081,2019,8
7,10081,2019,9
0,10081,2019,10
11,10081,2020,4
5,10081,2020,5
9,10081,2020,6
19,10081,2020,7
14,10081,2020,8
8,10081,2020,9
0,10081,2020,10
6,10081,2021,4
3,10081,2021,5
23,10081,2021,6
19,10081,2021,7
12,10081,2021,8
13,10081,2021,9
0,10081,2021,10
6,10081,2022,4
15,10081,2022,5
20,10081,2022,6
30,10081,2022,7
24,10081,2022,8
5,10081,2022,9
0,10081,2022,10
11,10171,2010,4
10,10171,2010,5
21,10171,2010,6
27,10171,2010,7
NA,10171,2010,8
1,10171,2010,9
0,10171,2010,10
10,10171,2011,4
25,10171,2011,5
NA,10171,2011,6
NA,10171,2011,7
25,10171,2011,8
12,10171,2011,9
1,10171,2011,10
2,10171,2012,4
12,10171,2012,5
16,10171,2012,6
23,10171,2012,7
26,10171,2012,8
6,10171,2012,9
0,10171,2012,10
1,10171,2013,4
1,10171,2013,5
15,10171,2013,6
29,10171,2013,7
20,10171,2013,8
7,10171,2013,9
0,10171,2013,10
1,10171,2014,4
5,10171,2014,5
15,10171,2014,6
10,10171,2014,7
7,10171,2014,8
1,10171,2014,9
0,10171,2014,10
0,10171,2015,4
13,10171,2015,5
22,10171,2015,6
30,10171,2015,7
18,10171,2015,8
0,10171,2015,9
0,10171,2015,10
0,10171,2016,4
6,10171,2016,5
11,10171,2016,6
24,10171,2016,7
12,10171,2016,8
11,10171,2016,9
0,10171,2016,10
7,10171,2017,4
10,10171,2017,5
19,10171,2017,6
20,10171,2017,7
18,10171,2017,8
2,10171,2017,9
0,10171,2017,10
5,10171,2018,4
9,10171,2018,5
11,10171,2018,6
26,10171,2018,7
21,10171,2018,8
11,10171,2018,9
0,10171,2018,10
2,10171,2019,4
2,10171,2019,5
21,10171,2019,6
24,10171,2019,7
16,10171,2019,8
5,10171,2019,9
0,10171,2019,10
12,10171,2020,4
8,10171,2020,5
12,10171,2020,6
20,10171,2020,7
16,10171,2020,8
12,10171,2020,9
0,10171,2020,10
0,10171,2021,4
0,10171,2021,5
10,10171,2021,6
17,10171,2021,7
10,10171,2021,8
9,10171,2021,9
0,10171,2021,10
5,10171,2022,4
14,10171,2022,5
17,10171,2022,6
27,10171,2022,7
19,10171,2022,8
4,10171,2022,9
0,10171,2022,10
1,10270,2010,4
7,10270,2010,5
16,10270,2010,6
26,10270,2010,7
10,10270,2010,8
1,10270,2010,9
0,10270,2010,10
8,10270,2011,4
15,10270,2011,5
6,10270,2011,6
11,10270,2011,7
17,10270,2011,8
5,10270,2011,9
0,10270,2011,10
1,10270,2012,4
5,10270,2012,5
13,10270,2012,6
16,10270,2012,7
20,10270,2012,8
3,10270,2012,9
0,10270,2012,10
NA,10270,2013,4
NA,10270,2013,5
11,10270,2013,6
23,10270,2013,7
18,10270,2013,8
4,10270,2013,9
NA,10270,2013,10
0,10270,2014,4
5,10270,2014,5
14,10270,2014,6
7,10270,2014,7
0,10270,2014,8
0,10270,2014,9
0,10270,2014,10
3,10270,2015,4
7,10270,2015,5
17,10270,2015,6
30,10270,2015,7
18,10270,2015,8
1,10270,2015,9
0,10270,2015,10
0,10270,2016,4
6,10270,2016,5
6,10270,2016,6
13,10270,2016,7
12,10270,2016,8
NA,10270,2016,9
0,10270,2016,10
0,10270,2017,4
9,10270,2017,5
18,10270,2017,6
19,10270,2017,7
NA,10270,2017,8
1,10270,2017,9
0,10270,2017,10
6,10270,2018,4
NA,10270,2018,5
10,10270,2018,6
NA,10270,2018,7
8,10270,2018,8
6,10270,2018,9
0,10270,2018,10
3,10270,2019,4
2,10270,2019,5
22,10270,2019,6
22,10270,2019,7
NA,10270,2019,8
3,10270,2019,9
0,10270,2019,10
14,10270,2020,4
6,10270,2020,5
9,10270,2020,6
17,10270,2020,7
NA,10270,2020,8
4,10270,2020,9
0,10270,2020,10
4,10270,2021,4
0,10270,2021,5
20,10270,2021,6
19,10270,2021,7
11,10270,2021,8
4,10270,2021,9
0,10270,2021,10
3,10270,2022,4
16,10270,2022,5
20,10270,2022,6
31,10270,2022,7
21,10270,2022,8
3,10270,2022,9
NA,10270,2022,10
2,10282,2010,4
6,10282,2010,5
15,10282,2010,6
24,10282,2010,7
13,10282,2010,8
2,10282,2010,9
0,10282,2010,10
3,10282,2011,4
17,10282,2011,5
8,10282,2011,6
7,10282,2011,7
22,10282,2011,8
3,10282,2011,9
1,10282,2011,10
1,10282,2012,4
9,10282,2012,5
12,10282,2012,6
19,10282,2012,7
23,10282,2012,8
NA,10282,2012,9
0,10282,2012,10
3,10282,2013,4
0,10282,2013,5
8,10282,2013,6
23,10282,2013,7
11,10282,2013,8
2,10282,2013,9
0,10282,2013,10
0,10282,2014,4
1,10282,2014,5
9,10282,2014,6
4,10282,2014,7
2,10282,2014,8
0,10282,2014,9
0,10282,2014,10
1,10282,2015,4
2,10282,2015,5
10,10282,2015,6
20,10282,2015,7
12,10282,2015,8
0,10282,2015,9
0,10282,2015,10
0,10282,2016,4
5,10282,2016,5
7,10282,2016,6
17,10282,2016,7
14,10282,2016,8
9,10282,2016,9
0,10282,2016,10
0,10282,2017,4
NA,10282,2017,5
22,10282,2017,6
22,10282,2017,7
19,10282,2017,8
0,10282,2017,9
0,10282,2017,10
2,10282,2018,4
2,10282,2018,5
13,10282,2018,6
24,10282,2018,7
17,10282,2018,8
8,10282,2018,9
0,10282,2018,10
0,10282,2019,4
1,10282,2019,5
18,10282,2019,6
18,10282,2019,7
9,10282,2019,8
3,10282,2019,9
0,10282,2019,10
4,10282,2020,4
4,10282,2020,5
2,10282,2020,6
13,10282,2020,7
15,10282,2020,8
10,10282,2020,9
0,10282,2020,10
1,10282,2021,4
0,10282,2021,5
13,10282,2021,6
9,10282,2021,7
7,10282,2021,8
8,10282,2021,9
0,10282,2021,10
1,10282,2022,4
3,10282,2022,5
11,10282,2022,6
20,10282,2022,7
8,10282,2022,8
1,10282,2022,9
0,10282,2022,10
8,10288,2010,4
8,10288,2010,5
16,10288,2010,6
29,10288,2010,7
17,10288,2010,8
7,10288,2010,9
0,10288,2010,10
10,10288,2011,4
20,10288,2011,5
9,10288,2011,6
16,10288,2011,7
26,10288,2011,8
15,10288,2011,9
5,10288,2011,10
1,10288,2012,4
7,10288,2012,5
14,10288,2012,6
26,10288,2012,7
28,10288,2012,8
8,10288,2012,9
0,10288,2012,10
11,10288,2013,4
2,10288,2013,5
17,10288,2013,6
28,10288,2013,7
24,10288,2013,8
8,10288,2013,9
0,10288,2013,10
3,10288,2014,4
8,10288,2014,5
15,10288,2014,6
13,10288,2014,7
3,10288,2014,8
1,10288,2014,9
0,10288,2014,10
6,10288,2015,4
10,10288,2015,5
20,10288,2015,6
29,10288,2015,7
19,10288,2015,8
1,10288,2015,9
0,10288,2015,10
1,10288,2016,4
10,10288,2016,5
11,10288,2016,6
21,10288,2016,7
21,10288,2016,8
12,10288,2016,9
0,10288,2016,10
7,10288,2017,4
12,10288,2017,5
20,10288,2017,6
20,10288,2017,7
18,10288,2017,8
3,10288,2017,9
0,10288,2017,10
9,10288,2018,4
NA,10288,2018,5
20,10288,2018,6
29,10288,2018,7
23,10288,2018,8
13,10288,2018,9
0,10288,2018,10
4,10288,2019,4
4,10288,2019,5
26,10288,2019,6
26,10288,2019,7
6,10288,2019,8
NA,10288,2019,9
0,10288,2019,10
11,10288,2020,4
11,10288,2020,5
7,10288,2020,6
22,10288,2020,7
17,10288,2020,8
13,10288,2020,9
0,10288,2020,10
4,10288,2021,4
3,10288,2021,5
22,10288,2021,6
17,10288,2021,7
11,10288,2021,8
14,10288,2021,9
0,10288,2021,10
5,10288,2022,4
17,10288,2022,5
22,10288,2022,6
28,10288,2022,7
25,10288,2022,8
5,10288,2022,9
0,10288,2022,10
11,10437,2010,4
6,10437,2010,5
11,10437,2010,6
24,10437,2010,7
8,10437,2010,8
4,10437,2010,9
0,10437,2010,10
12,10437,2011,4
9,10437,2011,5
6,10437,2011,6
5,10437,2011,7
8,10437,2011,8
0,10437,2011,9
0,10437,2011,10
0,10437,2012,4
0,10437,2012,5
NA,10437,2012,6
5,10437,2012,7
11,10437,2012,8
NA,10437,2012,9
0,10437,2012,10
7,10437,2013,4
0,10437,2013,5
3,10437,2013,6
17,10437,2013,7
10,10437,2013,8
2,10437,2013,9
0,10437,2013,10
0,10437,2014,4
NA,10437,2014,5
6,10437,2014,6
3,10437,2014,7
0,10437,2014,8
0,10437,2014,9
0,10437,2014,10
5,10437,2015,4
6,10437,2015,5
4,10437,2015,6
11,10437,2015,7
5,10437,2015,8
NA,10437,2015,9
0,10437,2015,10
NA,10437,2016,4
4,10437,2016,5
2,10437,2016,6
7,10437,2016,7
1,10437,2016,8
0,10437,2016,9
0,10437,2016,10
4,10437,2017,4
11,10437,2017,5
15,10437,2017,6
12,10437,2017,7
9,10437,2017,8
0,10437,2017,9
0,10437,2017,10
6,10437,2018,4
1,10437,2018,5
7,10437,2018,6
18,10437,2018,7
3,10437,2018,8
0,10437,2018,9
0,10437,2018,10
1,10437,2019,4
3,10437,2019,5
12,10437,2019,6
17,10437,2019,7
2,10437,2019,8
0,10437,2019,9
0,10437,2019,10
7,10437,2020,4
2,10437,2020,5
2,10437,2020,6
8,10437,2020,7
4,10437,2020,8
0,10437,2020,9
0,10437,2020,10
2,10437,2021,4
0,10437,2021,5
12,10437,2021,6
7,10437,2021,7
0,10437,2021,8
0,10437,2021,9
0,10437,2021,10
2,10437,2022,4
6,10437,2022,5
7,10437,2022,6
20,10437,2022,7
8,10437,2022,8
0,10437,2022,9
0,10437,2022,10
4,10454,2010,4
7,10454,2010,5
15,10454,2010,6
25,10454,2010,7
11,10454,2010,8
3,10454,2010,9
0,10454,2010,10
3,10454,2011,4
16,10454,2011,5
NA,10454,2011,6
NA,10454,2011,7
10,10454,2011,8
0,10454,2011,9
0,10454,2011,10
NA,10454,2012,4
NA,10454,2012,5
15,10454,2012,6
13,10454,2012,7
11,10454,2012,8
2,10454,2012,9
0,10454,2012,10
2,10454,2013,4
0,10454,2013,5
13,10454,2013,6
NA,10454,2013,7
16,10454,2013,8
4,10454,2013,9
0,10454,2013,10
0,10454,2014,4
4,10454,2014,5
19,10454,2014,6
12,10454,2014,7
7,10454,2014,8
3,10454,2014,9
0,10454,2014,10
3,10454,2015,4
13,10454,2015,5
20,10454,2015,6
29,10454,2015,7
16,10454,2015,8
2,10454,2015,9
0,10454,2015,10
0,10454,2016,4
NA,10454,2016,5
14,10454,2016,6
25,10454,2016,7
17,10454,2016,8
11,10454,2016,9
0,10454,2016,10
5,10454,2017,4
12,10454,2017,5
19,10454,2017,6
19,10454,2017,7
22,10454,2017,8
2,10454,2017,9
NA,10454,2017,10
4,10454,2018,4
5,10454,2018,5
13,10454,2018,6
24,10454,2018,7
17,10454,2018,8
11,10454,2018,9
0,10454,2018,10
3,10454,2019,4
2,10454,2019,5
20,10454,2019,6
23,10454,2019,7
18,10454,2019,8
6,10454,2019,9
0,10454,2019,10
2,10454,2020,4
14,10454,2020,5
12,10454,2020,6
27,10454,2020,7
19,10454,2020,8
13,10454,2020,9
0,10454,2020,10
5,10454,2021,4
3,10454,2021,5
19,10454,2021,6
15,10454,2021,7
11,10454,2021,8
11,10454,2021,9
0,10454,2021,10
3,10454,2022,4
7,10454,2022,5
NA,10454,2022,6
30,10454,2022,7
25,10454,2022,8
5,10454,2022,9
0,10454,2022,10
4,10463,2010,4
7,10463,2010,5
16,10463,2010,6
25,10463,2010,7
NA,10463,2010,8
NA,10463,2010,9
0,10463,2010,10
9,10463,2011,4
24,10463,2011,5
11,10463,2011,6
13,10463,2011,7
22,10463,2011,8
NA,10463,2011,9
1,10463,2011,10
1,10463,2012,4
6,10463,2012,5
8,10463,2012,6
13,10463,2012,7
21,10463,2012,8
2,10463,2012,9
0,10463,2012,10
5,10463,2013,4
0,10463,2013,5
10,10463,2013,6
28,10463,2013,7
16,10463,2013,8
6,10463,2013,9
0,10463,2013,10
0,10463,2014,4
4,10463,2014,5
15,10463,2014,6
8,10463,2014,7
4,10463,2014,8
0,10463,2014,9
0,10463,2014,10
6,10463,2015,4
13,10463,2015,5
22,10463,2015,6
29,10463,2015,7
16,10463,2015,8
1,10463,2015,9
0,10463,2015,10
0,10463,2016,4
11,10463,2016,5
14,10463,2016,6
24,10463,2016,7
21,10463,2016,8
12,10463,2016,9
0,10463,2016,10
9,10463,2017,4
16,10463,2017,5
22,10463,2017,6
20,10463,2017,7
21,10463,2017,8
2,10463,2017,9
0,10463,2017,10
6,10463,2018,4
8,10463,2018,5
18,10463,2018,6
27,10463,2018,7
21,10463,2018,8
15,10463,2018,9
0,10463,2018,10
2,10463,2019,4
4,10463,2019,5
24,10463,2019,6
25,10463,2019,7
20,10463,2019,8
8,10463,2019,9
0,10463,2019,10
7,10463,2020,4
12,10463,2020,5
8,10463,2020,6
22,10463,2020,7
18,10463,2020,8
12,10463,2020,9
0,10463,2020,10
3,10463,2021,4
2,10463,2021,5
17,10463,2021,6
13,10463,2021,7
11,10463,2021,8
10,10463,2021,9
0,10463,2021,10
5,10463,2022,4
10,10463,2022,5
15,10463,2022,6
26,10463,2022,7
19,10463,2022,8
5,10463,2022,9
0,10463,2022,10
NA,10584,2010,4
NA,10584,2010,5
NA,10584,2010,6
25,10584,2010,7
NA,10584,2010,8
3,10584,2010,9
0,10584,2010,10
15,10584,2011,4
19,10584,2011,5
9,10584,2011,6
13,10584,2011,7
22,10584,2011,8
8,10584,2011,9
0,10584,2011,10
0,10584,2012,4
9,10584,2012,5
NA,10584,2012,6
27,10584,2012,7
27,10584,2012,8
7,10584,2012,9
0,10584,2012,10
1,10584,2013,4
0,10584,2013,5
7,10584,2013,6
25,10584,2013,7
17,10584,2013,8
7,10584,2013,9
0,10584,2013,10
0,10584,2014,4
1,10584,2014,5
10,10584,2014,6
6,10584,2014,7
0,10584,2014,8
0,10584,2014,9
0,10584,2014,10
NA,10584,2015,4
6,10584,2015,5
15,10584,2015,6
28,10584,2015,7
13,10584,2015,8
1,10584,2015,9
0,10584,2015,10
NA,10584,2016,4
9,10584,2016,5
9,10584,2016,6
18,10584,2016,7
15,10584,2016,8
7,10584,2016,9
NA,10584,2016,10
8,10584,2017,4
12,10584,2017,5
20,10584,2017,6
NA,10584,2017,7
12,10584,2017,8
2,10584,2017,9
0,10584,2017,10
8,10584,2018,4
2,10584,2018,5
19,10584,2018,6
30,10584,2018,7
13,10584,2018,8
6,10584,2018,9
0,10584,2018,10
1,10584,2019,4
3,10584,2019,5
22,10584,2019,6
23,10584,2019,7
6,10584,2019,8
NA,10584,2019,9
0,10584,2019,10
13,10584,2020,4
NA,10584,2020,5
9,10584,2020,6
22,10584,2020,7
15,10584,2020,8
9,10584,2020,9
0,10584,2020,10
8,10584,2021,4
4,10584,2021,5
20,10584,2021,6
13,10584,2021,7
4,10584,2021,8
12,10584,2021,9
0,10584,2021,10
7,10584,2022,4
17,10584,2022,5
21,10584,2022,6
28,10584,2022,7
27,10584,2022,8
7,10584,2022,9
0,10584,2022,10
NA,12020,2010,4
NA,12020,2010,5
NA,12020,2010,6
NA,12020,2010,7
NA,12020,2010,8
NA,12020,2010,9
NA,12020,2010,10
NA,12020,2011,4
17,12020,2011,5
8,12020,2011,6
9,12020,2011,7
21,12020,2011,8
7,12020,2011,9
0,12020,2011,10
0,12020,2012,4
9,12020,2012,5
13,12020,2012,6
23,12020,2012,7
23,12020,2012,8
6,12020,2012,9
0,12020,2012,10
6,12020,2013,4
0,12020,2013,5
17,12020,2013,6
30,12020,2013,7
17,12020,2013,8
8,12020,2013,9
0,12020,2013,10
1,12020,2014,4
6,12020,2014,5
19,12020,2014,6
12,12020,2014,7
6,12020,2014,8
4,12020,2014,9
0,12020,2014,10
7,12020,2015,4
13,12020,2015,5
20,12020,2015,6
29,12020,2015,7
18,12020,2015,8
1,12020,2015,9
0,12020,2015,10
0,12020,2016,4
8,12020,2016,5
18,12020,2016,6
22,12020,2016,7
16,12020,2016,8
11,12020,2016,9
0,12020,2016,10
0,12020,2017,4
12,12020,2017,5
20,12020,2017,6
22,12020,2017,7
24,12020,2017,8
2,12020,2017,9
0,12020,2017,10
6,12020,2018,4
9,12020,2018,5
15,12020,2018,6
28,12020,2018,7
16,12020,2018,8
11,12020,2018,9
0,12020,2018,10
3,12020,2019,4
2,12020,2019,5
23,12020,2019,6
24,12020,2019,7
19,12020,2019,8
6,12020,2019,9
0,12020,2019,10
8,12020,2020,4
NA,12020,2020,5
9,12020,2020,6
17,12020,2020,7
18,12020,2020,8
12,12020,2020,9
0,12020,2020,10
3,12020,2021,4
2,12020,2021,5
16,12020,2021,6
18,12020,2021,7
8,12020,2021,8
10,12020,2021,9
0,12020,2021,10
3,12020,2022,4
8,12020,2022,5
16,12020,2022,6
28,12020,2022,7
6,12020,2022,8
3,12020,2022,9
0,12020,2022,10
NA,17288,2010,4
NA,17288,2010,5
NA,17288,2010,6
NA,17288,2010,7
NA,17288,2010,8
NA,17288,2010,9
NA,17288,2010,10
NA,17288,2011,4
NA,17288,2011,5
NA,17288,2011,6
NA,17288,2011,7
NA,17288,2011,8
NA,17288,2011,9
NA,17288,2011,10
NA,17288,2012,4
NA,17288,2012,5
NA,17288,2012,6
NA,17288,2012,7
NA,17288,2012,8
NA,17288,2012,9
NA,17288,2012,10
2,17288,2013,4
0,17288,2013,5
10,17288,2013,6
27,17288,2013,7
21,17288,2013,8
5,17288,2013,9
NA,17288,2013,10
2,17288,2014,4
2,17288,2014,5
16,17288,2014,6
12,17288,2014,7
5,17288,2014,8
1,17288,2014,9
0,17288,2014,10
0,17288,2015,4
NA,17288,2015,5
NA,17288,2015,6
28,17288,2015,7
NA,17288,2015,8
NA,17288,2015,9
NA,17288,2015,10
0,17288,2016,4
5,17288,2016,5
9,17288,2016,6
25,17288,2016,7
22,17288,2016,8
14,17288,2016,9
0,17288,2016,10
1,17288,2017,4
9,17288,2017,5
19,17288,2017,6
23,17288,2017,7
25,17288,2017,8
1,17288,2017,9
0,17288,2017,10
0,17288,2018,4
NA,17288,2018,5
18,17288,2018,6
26,17288,2018,7
21,17288,2018,8
11,17288,2018,9
0,17288,2018,10
0,17288,2019,4
0,17288,2019,5
NA,17288,2019,6
19,17288,2019,7
13,17288,2019,8
6,17288,2019,9
0,17288,2019,10
0,17288,2020,4
3,17288,2020,5
7,17288,2020,6
20,17288,2020,7
20,17288,2020,8
13,17288,2020,9
0,17288,2020,10
5,17288,2021,4
4,17288,2021,5
24,17288,2021,6
16,17288,2021,7
16,17288,2021,8
15,17288,2021,9
0,17288,2021,10
7,17288,2022,4
18,17288,2022,5
21,17288,2022,6
30,17288,2022,7
27,17288,2022,8
7,17288,2022,9
0,17288,2022,10
NA,17295,2010,4
NA,17295,2010,5
NA,17295,2010,6
NA,17295,2010,7
NA,17295,2010,8
NA,17295,2010,9
NA,17295,2010,10
NA,17295,2011,4
NA,17295,2011,5
NA,17295,2011,6
NA,17295,2011,7
NA,17295,2011,8
NA,17295,2011,9
NA,17295,2011,10
NA,17295,2012,4
NA,17295,2012,5
NA,17295,2012,6
NA,17295,2012,7
NA,17295,2012,8
NA,17295,2012,9
NA,17295,2012,10
4,17295,2013,4
1,17295,2013,5
14,17295,2013,6
28,17295,2013,7
20,17295,2013,8
7,17295,2013,9
0,17295,2013,10
1,17295,2014,4
2,17295,2014,5
14,17295,2014,6
NA,17295,2014,7
NA,17295,2014,8
0,17295,2014,9
0,17295,2014,10
1,17295,2015,4
6,17295,2015,5
17,17295,2015,6
NA,17295,2015,7
16,17295,2015,8
0,17295,2015,9
0,17295,2015,10
0,17295,2016,4
6,17295,2016,5
11,17295,2016,6
22,17295,2016,7
21,17295,2016,8
11,17295,2016,9
0,17295,2016,10
3,17295,2017,4
12,17295,2017,5
20,17295,2017,6
23,17295,2017,7
23,17295,2017,8
2,17295,2017,9
0,17295,2017,10
4,17295,2018,4
3,17295,2018,5
15,17295,2018,6
26,17295,2018,7
22,17295,2018,8
9,17295,2018,9
NA,17295,2018,10
1,17295,2019,4
2,17295,2019,5
22,17295,2019,6
24,17295,2019,7
18,17295,2019,8
6,17295,2019,9
0,17295,2019,10
9,17295,2020,4
6,17295,2020,5
7,17295,2020,6
18,17295,2020,7
18,17295,2020,8
8,17295,2020,9
0,17295,2020,10
4,17295,2021,4
2,17295,2021,5
16,17295,2021,6
13,17295,2021,7
11,17295,2021,8
13,17295,2021,9
0,17295,2021,10
2,17295,2022,4
9,17295,2022,5
14,17295,2022,6
24,17295,2022,7
20,17295,2022,8
3,17295,2022,9
0,17295,2022,10
NA,17297,2010,4
NA,17297,2010,5
NA,17297,2010,6
NA,17297,2010,7
NA,17297,2010,8
NA,17297,2010,9
NA,17297,2010,10
NA,17297,2011,4
NA,17297,2011,5
NA,17297,2011,6
NA,17297,2011,7
NA,17297,2011,8
NA,17297,2011,9
NA,17297,2011,10
NA,17297,2012,4
NA,17297,2012,5
NA,17297,2012,6
NA,17297,2012,7
NA,17297,2012,8
NA,17297,2012,9
NA,17297,2012,10
NA,17297,2013,4
1,17297,2013,5
16,17297,2013,6
29,17297,2013,7
20,17297,2013,8
7,17297,2013,9
0,17297,2013,10
1,17297,2014,4
4,17297,2014,5
16,17297,2014,6
13,17297,2014,7
6,17297,2014,8
2,17297,2014,9
0,17297,2014,10
1,17297,2015,4
10,17297,2015,5
23,17297,2015,6
29,17297,2015,7
20,17297,2015,8
1,17297,2015,9
0,17297,2015,10
0,17297,2016,4
8,17297,2016,5
11,17297,2016,6
22,17297,2016,7
17,17297,2016,8
11,17297,2016,9
0,17297,2016,10
5,17297,2017,4
13,17297,2017,5
20,17297,2017,6
23,17297,2017,7
24,17297,2017,8
2,17297,2017,9
0,17297,2017,10
9,17297,2018,4
4,17297,2018,5
18,17297,2018,6
26,17297,2018,7
20,17297,2018,8
11,17297,2018,9
0,17297,2018,10
NA,17297,2019,4
4,17297,2019,5
28,17297,2019,6
29,17297,2019,7
22,17297,2019,8
8,17297,2019,9
0,17297,2019,10
8,17297,2020,4
10,17297,2020,5
16,17297,2020,6
26,17297,2020,7
21,17297,2020,8
12,17297,2020,9
0,17297,2020,10
4,17297,2021,4
2,17297,2021,5
19,17297,2021,6
18,17297,2021,7
13,17297,2021,8
12,17297,2021,9
0,17297,2021,10
2,17297,2022,4
18,17297,2022,5
21,17297,2022,6
31,17297,2022,7
26,17297,2022,8
6,17297,2022,9
0,17297,2022,10
NA,20041,2010,4
NA,20041,2010,5
NA,20041,2010,6
NA,20041,2010,7
NA,20041,2010,8
NA,20041,2010,9
NA,20041,2010,10
NA,20041,2011,4
NA,20041,2011,5
NA,20041,2011,6
NA,20041,2011,7
NA,20041,2011,8
NA,20041,2011,9
NA,20041,2011,10
NA,20041,2012,4
NA,20041,2012,5
NA,20041,2012,6
NA,20041,2012,7
NA,20041,2012,8
NA,20041,2012,9
NA,20041,2012,10
6,20041,2013,4
0,20041,2013,5
16,20041,2013,6
29,20041,2013,7
21,20041,2013,8
6,20041,2013,9
0,20041,2013,10
2,20041,2014,4
9,20041,2014,5
21,20041,2014,6
9,20041,2014,7
5,20041,2014,8
1,20041,2014,9
0,20041,2014,10
4,20041,2015,4
12,20041,2015,5
21,20041,2015,6
27,20041,2015,7
18,20041,2015,8
0,20041,2015,9
0,20041,2015,10
0,20041,2016,4
4,20041,2016,5
8,20041,2016,6
22,20041,2016,7
13,20041,2016,8
8,20041,2016,9
0,20041,2016,10
2,20041,2017,4
10,20041,2017,5
22,20041,2017,6
21,20041,2017,7
23,20041,2017,8
2,20041,2017,9
0,20041,2017,10
4,20041,2018,4
5,20041,2018,5
10,20041,2018,6
24,20041,2018,7
18,20041,2018,8
8,20041,2018,9
0,20041,2018,10
0,20041,2019,4
0,20041,2019,5
19,20041,2019,6
22,20041,2019,7
16,20041,2019,8
4,20041,2019,9
NA,20041,2019,10
2,20041,2020,4
2,20041,2020,5
3,20041,2020,6
17,20041,2020,7
11,20041,2020,8
3,20041,2020,9
0,20041,2020,10
1,20041,2021,4
0,20041,2021,5
12,20041,2021,6
13,20041,2021,7
10,20041,2021,8
9,20041,2021,9
0,20041,2021,10
0,20041,2022,4
4,20041,2022,5
15,20041,2022,6
27,20041,2022,7
17,20041,2022,8
2,20041,2022,9
0,20041,2022,10
NA,20154,2010,4
NA,20154,2010,5
NA,20154,2010,6
NA,20154,2010,7
NA,20154,2010,8
NA,20154,2010,9
NA,20154,2010,10
NA,20154,2011,4
NA,20154,2011,5
NA,20154,2011,6
NA,20154,2011,7
NA,20154,2011,8
NA,20154,2011,9
NA,20154,2011,10
NA,20154,2012,4
NA,20154,2012,5
NA,20154,2012,6
NA,20154,2012,7
NA,20154,2012,8
NA,20154,2012,9
NA,20154,2012,10
NA,20154,2013,4
NA,20154,2013,5
NA,20154,2013,6
NA,20154,2013,7
NA,20154,2013,8
NA,20154,2013,9
NA,20154,2013,10
10,20154,2014,4
15,20154,2014,5
20,20154,2014,6
13,20154,2014,7
2,20154,2014,8
1,20154,2014,9
0,20154,2014,10
7,20154,2015,4
6,20154,2015,5
13,20154,2015,6
NA,20154,2015,7
13,20154,2015,8
NA,20154,2015,9
0,20154,2015,10
0,20154,2016,4
7,20154,2016,5
8,20154,2016,6
14,20154,2016,7
16,20154,2016,8
9,20154,2016,9
0,20154,2016,10
2,20154,2017,4
10,20154,2017,5
17,20154,2017,6
16,20154,2017,7
17,20154,2017,8
2,20154,2017,9
0,20154,2017,10
4,20154,2018,4
5,20154,2018,5
10,20154,2018,6
NA,20154,2018,7
NA,20154,2018,8
3,20154,2018,9
0,20154,2018,10
7,20154,2019,4
NA,20154,2019,5
22,20154,2019,6
21,20154,2019,7
11,20154,2019,8
6,20154,2019,9
0,20154,2019,10
5,20154,2020,4
1,20154,2020,5
2,20154,2020,6
7,20154,2020,7
7,20154,2020,8
7,20154,2020,9
0,20154,2020,10
5,20154,2021,4
2,20154,2021,5
12,20154,2021,6
3,20154,2021,7
2,20154,2021,8
5,20154,2021,9
0,20154,2021,10
0,20154,2022,4
2,20154,2022,5
9,20154,2022,6
11,20154,2022,7
3,20154,2022,8
NA,20154,2022,9
0,20154,2022,10
NA,30165,2010,4
NA,30165,2010,5
NA,30165,2010,6
NA,30165,2010,7
NA,30165,2010,8
NA,30165,2010,9
NA,30165,2010,10
NA,30165,2011,4
NA,30165,2011,5
NA,30165,2011,6
NA,30165,2011,7
NA,30165,2011,8
NA,30165,2011,9
NA,30165,2011,10
NA,30165,2012,4
NA,30165,2012,5
NA,30165,2012,6
NA,30165,2012,7
NA,30165,2012,8
NA,30165,2012,9
NA,30165,2012,10
5,30165,2013,4
0,30165,2013,5
15,30165,2013,6
28,30165,2013,7
18,30165,2013,8
6,30165,2013,9
0,30165,2013,10
3,30165,2014,4
NA,30165,2014,5
19,30165,2014,6
13,30165,2014,7
7,30165,2014,8
1,30165,2014,9
0,30165,2014,10
8,30165,2015,4
15,30165,2015,5
22,30165,2015,6
29,30165,2015,7
21,30165,2015,8
2,30165,2015,9
0,30165,2015,10
1,30165,2016,4
NA,30165,2016,5
12,30165,2016,6
NA,30165,2016,7
14,30165,2016,8
11,30165,2016,9
NA,30165,2016,10
3,30165,2017,4
11,30165,2017,5
21,30165,2017,6
22,30165,2017,7
NA,30165,2017,8
NA,30165,2017,9
0,30165,2017,10
7,30165,2018,4
11,30165,2018,5
22,30165,2018,6
30,30165,2018,7
23,30165,2018,8
15,30165,2018,9
0,30165,2018,10
3,30165,2019,4
1,30165,2019,5
23,30165,2019,6
15,30165,2019,7
NA,30165,2019,8
5,30165,2019,9
0,30165,2019,10
NA,30165,2020,4
6,30165,2020,5
10,30165,2020,6
23,30165,2020,7
17,30165,2020,8
12,30165,2020,9
0,30165,2020,10
5,30165,2021,4
3,30165,2021,5
21,30165,2021,6
23,30165,2021,7
14,30165,2021,8
14,30165,2021,9
0,30165,2021,10
3,30165,2022,4
13,30165,2022,5
21,30165,2022,6
30,30165,2022,7
22,30165,2022,8
5,30165,2022,9
0,30165,2022,10
